RF02_LES_case/emros4132250/LJRF02_20210601_R1/SPICULE-Page0_Lear35_20210601_R1_L2.ict
59,  1001
Lawson, Paul
SPEC Inc
Page0 on SPEC Lear35
SPICULE 2021
1, 1
2021, 06, 01,   2022,11,7
1
Time_Start, seconds, elapsed time from 00:00:00 UTC
27
1,1,1,1,1,1,1,1,1,1,1,1,1,1,1,1,1,1,1,1,1,1,1,1,1,1,1
-9999,-9999,-9999,-9999,-9999,-9999,-9999,-9999,-9999,-9999,-9999,-9999,-9999,-9999,-9999,-9999,-9999,-9999,-9999,-9999,-9999,-9999,-9999,-9999,-9999,-9999,-9999
TAS,	   (m/s),  Platform True Air Speed	
Palt,      (ft),   Platform_AltitudePressure_InSitu_None, Pressure altitude
Hdg,       (deg),  Platform_HeadingTrue_InSitu_None, Aircraft heading
Temp,      (C),    Met_StaticAirTemperature_InSitu_None, Rosemount temperature
Dew,       (C),    Met_DewPoint_InSitu_None, Dew point temperature
NevLWC,    (g/m3), CldMicro_LWC_InSitu_None_Bulk_AMB, Nevzorov liquid water content
FSSPWC,    (g/m3), CldMicro_TWC_InSitu_Optical_Drop_AMB, FFSSP water content
FCDPHWC,   (g/m3), CldMicro_TWC_InSitu_Optical_Drop_AMB, Hawkeye-FCDP water content
FCDPWC,    (g/m3), CldMicro_TWC_InSitu_Optical_Drop_AMB, FCDP water content
NevTWC,    (g/m3), CldMicro_TWC_InSitu_None_Bulk_AMB, Nevzorov total water content
NevLWC3,   (g/m3), CldMicro_TWC_InSitu_None_Bulk_AMB, Nevzorov 3mm for Large drop water content
Rice,      (dHz),  none, Ice detector frequency 
VaV,       (m/s),  Met_WWindSpeed_InSitu_None, Vertical wind (updraft)
FSSPConc,  (#/cc), CldMicro_NumConc_InSitu_Optical_Drop_AMB, FFSSP concentration
FCDPHConc, (#/cc), CldMicro_NumConc_InSitu_Optical_Drop_AMB, Hawkeye-FCDP concentration
FCDPConc,  (#/cc), CldMicro_NumConc_InSitu_Optical_Drop_AMB, FCDP concentration
2DSHsn10,  (#/L),  CldMicro_NumConc_InSitu_Optical_DroptoPrecip_AMB, SPEC 2D-S SN10 Concentration, H-channel
2DSVsn10,  (#/L),  CldMicro_NumConc_InSitu_Optical_DroptoPrecip_AMB, SPEC 2D-S SN10 Concentration, V-channel  
F2DSH,     (#/L),  CldMicro_NumConc_InSitu_Optical_DroptoPrecip_AMB, Fast 2D-S Concentration, H-channel
F2DSV,     (#/L),  CldMicro_NumConc_InSitu_Optical_DroptoPrecip_AMB, Fast 2D-S Concentration, V-channel
2DS10Hawk, (#/L),  CldMicro_NumConc_InSitu_Optical_DroptoPrecip_AMB, Hawkeye-2DS 10um channel concentration
2DS50Hawk, (#/L),  CldMicro_NumConc_InSitu_Optical_DroptoPrecip_AMB, Hawkeye-2DS 50um channel concentration
HVPS,      (#/m3),  CldMicro_NumConc_InSitu_Optical_Precip_AMB, HVPS concentration
CPI,       (#/s),  none, CPI particles counts per second
Lat,       (deg),  Platform_Latitude_InSitu_None, Latitude
Long,      (deg),  Platform_Longitude_InSitu_None, Longitude
PCASP,     (#/cc), AerMP_NumConc_Insitu_Optical_RHa_AccutoCoarse_AMB, PCASP concentration.
0
18
PI_CONTACT_INFO: Paul Lawson, SPEC Inc, 3022 Sterling Circle, Suite 200, Boulder, CO 80301, plawson@specinc.com
PLATFORM: SPEC Learjet 35
LOCATION: Broomfield, CO; see Lear35 Nav data for lat/long in flight
ASSOCIATED_DATA: See the NCAR database for additional Lear cloud probe data: FCDP, FFSSP, 2D-S, Hawkeye, CPI, HVPS, and similar cloud probe data from NCAR GV
INSTRUMENT_INFO: Various
DATA_INFO: Summary of navigation, state, cloud, and aerosol probe data from Learjet35
UNCERTAINTY:  Please contact PI
ULOD_FLAG:  -7777
ULOD_VALUE: N/A
LLOD_FLAG:  -8888
LLOD_VALUE: N/A
DM_CONTACT_INFO: Sarah Woods, SPEC INC, 3022 Sterling Circle, Suite 200, Boulder, CO 80301, 303-449-1105, swoods@specinc.com
PROJECT_INFO: SPICULE Campaign; June 2021
STIPULATIONS_ON_USE:  Please contact PI or DM for stipulations or assistance interpreting and analyzing data.
OTHER_COMMENTS:  F2DS was not installed for every flight, so some flights will have -9999 for entire flight.
REVISION: R1
R1: Final Data, same as R0 version. However, the NevLWC and NevTWC is replace with Alexei"s corrected values
Time_Start,TAS,Palt,Hdg,Temp,Dew,NevLWC,FSSPWC,FCDPHWC,FCDPWC,NevTWC,NevLWC3,Rice,VaV,FSSPConc,FCDPHConc,FCDPConc,2DSHsn10,2DSVsn10,F2DSH,F2DSV,2DS10Hawk,2DS50Hawk,HVPS,CPI,Lat,Long,PCASP
[from data line 2726]
 74524,135,10764,   61,   0.2,   0.1,       0.428,       0.300,   -9999.000,       0.100,       0.416,       0.440,      40.000,       1.500,     402.000,       0.000,     211.000,  240281.000,  277280.000,  253728.000,  274277.000,   -9999.000,       0.000,       0.000,       0.000,     40.26,   -102.89,    -9999.
 74525,135,10757,   61,  -0.1,   0.1,      -0.010,       0.000,   -9999.000,       0.000,      -0.010,      -0.010,      30.000,       0.800,      61.000,       0.000,       0.000,   41720.000,   49720.000,   19418.000,   22075.000,   -9999.000,       0.000,       0.000,       0.000,     40.26,   -102.89,    -9999.
 74526,136,10752,   60,  -0.1,  -0.6,       0.003,       0.000,   -9999.000,       0.000,       0.007,      -0.001,      30.000,       0.200,       0.000,       0.000,       0.000,       0.000,       0.000,       0.000,       0.000,   -9999.000,       0.000,       0.000,       0.000,     40.26,   -102.89,    -9999.
 74527,135,10737,   60,  -0.1,  -1.7,       0.008,       0.000,   -9999.000,       0.000,       0.005,      -0.003,      30.000,       0.600,       0.000,       0.000,       0.000,       0.000,       0.000,       0.000,       0.000,   -9999.000,       0.000,       0.000,       0.000,     40.26,   -102.89,    -9999.
 74528,135,10728,   60,  -0.1,  -1.9,       0.005,       0.000,   -9999.000,       0.000,       0.002,      -0.001,      30.000,       2.400,       0.000,       0.000,       0.000,       0.000,       0.000,       0.000,       0.000,   -9999.000,       0.000,       0.000,       0.000,     40.26,   -102.89,    -9999.
 74529,134,10719,   59,   0.2,  -1.8,       0.005,       0.000,   -9999.000,       0.000,       0.003,      -0.005,      30.000,       1.400,       0.000,       0.000,       0.000,       0.000,       0.000,       0.000,       0.000,   -9999.000,       0.000,       0.000,       0.000,     40.26,   -102.89,    -9999.
 74530,134,10712,   60,   0.4,  -2.4,       0.003,       0.000,   -9999.000,       0.000,       0.001,      -0.006,      30.000,       1.400,      68.000,       0.000,      29.000,       0.000,       0.000,       0.000,       0.000,   -9999.000,       0.000,       0.000,       0.000,     40.26,   -102.88,    -9999.
 74531,136,10712,   60,   0.2,  -3.2,       0.017,       0.000,   -9999.000,       0.000,       0.009,       0.008,      30.000,       0.000,      22.000,       0.000,       0.000,     558.000,     500.000,     620.000,     554.000,   -9999.000,       0.000,       0.000,       1.000,     40.26,   -102.88,    -9999.
 74532,133,10716,   60,   0.5,  -2.9,       0.002,       0.000,   -9999.000,       0.000,       0.004,      -0.002,      30.000,      -1.200,       0.000,       0.000,      92.000,       0.000,       0.000,       0.000,       1.000,   -9999.000,       0.000,       0.000,       0.000,     40.26,   -102.88,    -9999.
 74533,135,10713,   61,   0.3,  -1.9,       0.008,       0.000,   -9999.000,       0.000,       0.003,       0.002,      30.000,      -0.200,      80.000,       0.000,      22.000,     280.000,     268.000,     496.000,     361.000,   -9999.000,       0.000,       0.000,       0.000,     40.26,   -102.88,    -9999.
 74534,135,10733,   60,   0.0,  -2.3,       0.009,       0.000,   -9999.000,       0.000,      -0.003,       0.003,      30.000,       0.500,       4.000,       0.000,       4.000,     162.000,     139.000,     115.000,      69.000,   -9999.000,       0.000,       0.000,       0.000,     40.26,   -102.88,    -9999.
 74535,132,10757,   60,   0.2,  -2.3,       0.006,       0.000,   -9999.000,       0.000,       0.003,      -0.000,      30.000,      -2.600,      28.000,       0.000,       0.000,      46.000,       0.000,       0.000,      12.000,   -9999.000,       0.000,       0.000,       0.000,     40.26,   -102.88,    -9999.
 74536,132,10773,   60,   0.1,  -1.2,       0.008,       0.000,   -9999.000,       0.000,       0.002,       0.001,      30.000,      -2.200,       0.000,       0.000,       0.000,       0.000,       0.000,       0.000,       0.000,   -9999.000,       0.000,       0.000,       0.000,     40.26,   -102.88,    -9999.
 74537,131,10791,   61,   0.2,  -1.4,       0.005,       0.000,   -9999.000,       0.000,       0.003,      -0.002,      30.000,       3.200,      17.000,       0.000,       7.000,     404.000,     337.000,     645.000,     746.000,   -9999.000,       0.000,       0.000,       3.000,     40.26,   -102.87,    -9999.
 74538,128,10823,   60,   0.4,  -2.3,       0.075,       0.000,   -9999.000,       0.000,       0.075,       0.042,      30.000,       0.900,      18.000,       0.000,       0.000,     799.000,     851.000,    1053.000,    1154.000,   -9999.000,       0.000,       0.000,       5.000,     40.26,   -102.87,    -9999.
 74539,130,10852,   61,   0.0,  -2.9,       0.009,       0.000,   -9999.000,       0.000,       0.001,      -0.005,      30.000,      -4.300,      66.000,       0.000,     103.000,       0.000,       0.000,     141.000,     139.000,   -9999.000,       0.000,       0.000,       0.000,     40.26,   -102.87,    -9999.
 74540,128,10875,   61,   0.3,  -2.4,       0.016,       0.200,   -9999.000,       0.000,       0.019,       0.019,      30.000,      -1.800,     310.000,       0.000,     140.000,   12616.000,   14626.000,   35564.000,   34791.000,   -9999.000,       0.000,       2.000,       0.000,     40.26,   -102.87,    -9999.
 74541,126,10906,   60,   0.0,  -1.9,       0.111,       0.000,   -9999.000,       0.000,       0.111,       0.018,      30.000,       2.700,      36.000,       0.000,       0.000,   11929.000,   15343.000,    2686.000,    2625.000,   -9999.000,       0.000,       0.000,       0.000,     40.26,   -102.87,    -9999.
 74542,125,10929,   59,  -0.1,  -2.2,       0.005,       0.000,   -9999.000,       0.000,      -0.005,      -0.002,      30.000,       0.100,       0.000,       0.000,       0.000,       0.000,       0.000,       0.000,   -9999.000,   -9999.000,       0.000,       0.000,       0.000,     40.26,   -102.87,    -9999.
 74543,126,10943,   59,  -0.2,  -2.4,       0.002,       0.000,   -9999.000,       0.000,       0.001,      -0.001,      30.000,       0.200,       0.000,       0.000,       0.000,       0.000,       0.000,       0.000,   -9999.000,   -9999.000,       0.000,       0.000,       0.000,     40.26,   -102.87,    -9999.
 74544,126,10947,   59,  -0.2,  -3.0,       0.009,       0.000,   -9999.000,       0.000,       0.002,       0.001,      30.000,       0.200,       0.000,       0.000,       0.000,       0.000,       0.000,       0.000,   -9999.000,   -9999.000,       0.000,       0.000,       0.000,     40.26,   -102.86,    -9999.
 74545,125,10955,   59,  -0.2,  -3.8,       0.005,       0.000,   -9999.000,       0.000,       0.002,      -0.001,      30.000,       0.200,       0.000,       0.000,       0.000,       0.000,       0.000,       0.000,   -9999.000,   -9999.000,       0.000,       0.000,       0.000,     40.26,   -102.86,    -9999.
 74546,126,10956,   59,  -0.2,  -3.4,       0.004,       0.000,   -9999.000,       0.000,       0.001,      -0.005,      30.000,      -0.200,       0.000,       0.000,       0.000,       0.000,       0.000,       0.000,   -9999.000,   -9999.000,       0.000,       0.000,       0.000,     40.26,   -102.86,    -9999.
 74547,125,10959,   58,  -0.2,  -2.3,       0.002,       0.000,   -9999.000,       0.000,       0.004,      -0.004,      30.000,      -0.200,       0.000,       0.000,       0.000,       0.000,      12.000,       0.000,   -9999.000,   -9999.000,       0.000,       0.000,       0.000,     40.26,   -102.86,    -9999.
 74548,125,10968,   58,  -0.3,  -2.5,       0.002,       0.000,   -9999.000,       0.000,       0.003,      -0.004,      30.000,      -0.600,       0.000,       0.000,       0.000,       0.000,       0.000,       0.000,   -9999.000,   -9999.000,       0.000,       0.000,       0.000,     40.26,   -102.86,    -9999.
 74549,126,10964,   57,  -0.5,  -3.2,       0.006,       0.000,   -9999.000,       0.000,       0.002,      -0.001,      30.000,      -0.100,       0.000,       0.000,       0.000,       0.000,       0.000,       0.000,   -9999.000,   -9999.000,       0.000,       0.000,       0.000,     40.26,   -102.86,    -9999.
 74550,126,10975,   56,  -0.5,  -2.7,       0.003,       0.000,   -9999.000,       0.000,       0.000,      -0.002,      30.000,      -0.100,       0.000,       0.000,       0.000,       0.000,       0.000,       0.000,   -9999.000,   -9999.000,       0.000,       0.000,       0.000,     40.26,   -102.86,    -9999.
 74551,126,10982,   54,  -0.4,  -2.2,       0.003,       0.000,   -9999.000,       0.000,      -0.000,      -0.004,      30.000,      -1.500,       0.000,       0.000,       0.000,       0.000,       0.000,       0.000,   -9999.000,   -9999.000,       0.000,       0.000,       0.000,     40.27,   -102.85,    -9999.
 74552,126,10982,   51,  -0.4,  -2.7,       0.001,       0.000,   -9999.000,       0.000,       0.001,      -0.003,      30.000,      -1.400,       0.000,       0.000,       0.000,       0.000,       0.000,       0.000,      12.000,   -9999.000,       0.000,       0.000,       0.000,     40.27,   -102.85,    -9999.
 74553,125,10977,   48,  -0.1,  -3.4,      -0.001,       0.000,   -9999.000,       0.000,       0.000,      -0.006,      30.000,      -1.100,       0.000,       0.000,       0.000,       0.000,       0.000,       0.000,       0.000,   -9999.000,       0.000,       0.000,       0.000,     40.27,   -102.85,    -9999.
 74554,125,10982,   44,  -0.2,  -3.8,      -0.000,       0.000,   -9999.000,       0.000,       0.000,      -0.008,      30.000,      -2.500,       0.000,       0.000,       0.000,       0.000,       0.000,       0.000,       0.000,   -9999.000,       0.000,       0.000,       0.000,     40.27,   -102.85,    -9999.
 74555,124,10976,   40,  -0.1,  -3.9,      -0.004,       0.000,   -9999.000,       0.000,      -0.001,      -0.004,      30.000,       0.000,       0.000,       0.000,       0.000,       0.000,       0.000,       0.000,       0.000,   -9999.000,       0.000,       0.000,       0.000,     40.27,   -102.85,    -9999.
 74556,124,10968,   38,   0.0,  -3.6,      -0.002,       0.000,   -9999.000,       0.000,       0.000,      -0.008,      30.000,      -1.200,       0.000,       0.000,       0.000,       0.000,       0.000,      12.000,       0.000,   -9999.000,       0.000,       0.000,       0.000,     40.27,   -102.85,    -9999.
 74557,124,10964,   36,  -0.1,  -4.1,       0.001,       0.000,   -9999.000,       0.000,      -0.002,      -0.007,      30.000,      -0.200,       0.000,       0.000,       0.000,       0.000,       0.000,       0.000,       0.000,   -9999.000,       0.000,       0.000,       0.000,     40.27,   -102.85,    -9999.
 74558,124,10950,   32,  -0.1,  -4.2,       0.000,       0.000,       0.000,       0.000,      -0.001,      -0.005,      30.000,       0.300,       0.000,       0.000,       0.000,       0.000,       0.000,       0.000,       0.000,   -9999.000,       0.000,       0.000,       0.000,     40.27,   -102.84,    -9999.
 74559,125,10943,   28,  -0.1,  -3.1,      -0.000,       0.000,       0.000,       0.000,      -0.001,      -0.006,      30.000,      -0.300,       0.000,       0.000,       0.000,       0.000,       0.000,       0.000,       0.000,   -9999.000,       0.000,       0.000,       0.000,     40.27,   -102.84,    -9999.
 74560,126,10920,   25,  -0.2,  -3.0,       0.000,       0.000,       0.000,       0.000,      -0.000,       0.002,      30.000,      -0.400,       0.000,       0.000,       0.000,       0.000,       0.000,       0.000,       0.000,   -9999.000,       0.000,       0.000,       0.000,     40.27,   -102.84,    -9999.
 74561,127,10902,   21,  -0.4,  -3.7,       0.007,       0.000,       0.000,       0.000,      -0.001,       0.002,      30.000,      -0.400,       0.000,       0.000,       0.000,       0.000,       0.000,       0.000,       0.000,   -9999.000,       0.000,       0.000,       0.000,     40.27,   -102.84,    -9999.
 74562,128,10881,   18,  -0.5,  -3.6,       0.005,       0.000,       0.000,       0.000,      -0.000,      -0.003,      30.000,      -0.900,       0.000,       0.000,       0.000,       0.000,       0.000,       0.000,       0.000,   -9999.000,       0.000,       0.000,       0.000,     40.27,   -102.84,    -9999.
 74563,128,10854,   16,  -0.4,  -2.6,       0.005,       0.000,       0.000,       0.000,      -0.001,      -0.003,      30.000,      -1.700,       0.000,       0.000,       0.000,       0.000,       0.000,       0.000,       0.000,   -9999.000,       0.000,       0.000,       0.000,     40.27,   -102.84,    -9999.
 74564,128,10823,   14,  -0.3,  -1.7,      -0.000,       0.000,       0.000,       0.000,      -0.002,      -0.003,      30.000,      -0.300,       0.000,       0.000,       0.000,       0.000,       0.000,       0.000,       0.000,   -9999.000,       0.000,       0.000,       0.000,     40.27,   -102.84,    -9999.
 74565,129,10791,   12,  -0.2,  -2.4,       0.004,       0.000,       0.000,       0.000,      -0.002,      -0.004,      30.000,      -1.000,       0.000,       0.000,       0.000,       0.000,       0.000,       0.000,       0.000,   -9999.000,       0.000,       0.000,       0.000,     40.27,   -102.84,    -9999.
 74566,130,10765,   10,  -0.1,  -3.0,       0.005,       0.000,       0.000,       0.000,      -0.001,      -0.004,      30.000,      -0.700,       0.000,       0.000,       0.000,       0.000,      12.000,       0.000,       0.000,   -9999.000,       0.000,       0.000,       0.000,     40.28,   -102.84,    -9999.
 74567,129,10749,    8,  -0.1,  -2.8,       0.006,       0.000,       0.000,       0.000,      -0.000,      -0.002,      30.000,      -1.200,       0.000,       0.000,       0.000,       0.000,       0.000,       0.000,       0.000,   -9999.000,       0.000,       0.000,       0.000,     40.28,   -102.84,    -9999.
 74568,130,10735,    6,   0.0,  -2.6,      -0.001,       0.000,       0.000,       0.000,      -0.001,      -0.004,      30.000,      -1.000,       0.000,       0.000,       0.000,       0.000,       0.000,       0.000,       0.000,   -9999.000,       0.000,       0.000,       0.000,     40.28,   -102.84,    -9999.
 74569,130,10732,    4,   0.2,  -3.3,       0.006,       0.000,       0.000,       0.000,      -0.001,      -0.001,      30.000,      -1.300,       0.000,       0.000,       0.000,       0.000,       0.000,       0.000,       0.000,   -9999.000,       0.000,       0.000,       0.000,     40.28,   -102.84,    -9999.
 74570,130,10735,    3,   0.3,  -3.8,       0.003,       0.000,       0.000,       0.000,       0.000,      -0.005,      30.000,      -1.700,       0.000,       0.000,       0.000,       0.000,       0.000,       0.000,       0.000,   -9999.000,       0.000,       0.000,       0.000,     40.28,   -102.84,    -9999.
 74571,128,10733,    1,   0.5,  -3.2,      -0.002,       0.000,       0.000,       0.000,      -0.002,      -0.006,      30.000,       0.400,       0.000,       0.000,       0.000,       0.000,       0.000,      12.000,       0.000,   -9999.000,       0.000,       0.000,       0.000,     40.28,   -102.84,    -9999.
 74572,129,10732,  359,   0.3,  -3.1,       0.007,       0.000,       0.000,       0.000,      -0.002,      -0.001,      30.000,      -1.100,       0.000,       0.000,       0.000,       0.000,       0.000,       0.000,       0.000,   -9999.000,       0.000,       0.000,       0.000,     40.28,   -102.83,    -9999.
 74573,129,10726,  358,   0.1,  -3.5,       0.006,       0.000,       0.000,       0.000,      -0.001,       0.004,      30.000,      -1.500,       0.000,       0.000,       0.000,       0.000,       0.000,       0.000,       0.000,   -9999.000,       0.000,       0.000,       0.000,     40.28,   -102.83,    -9999.
