RF02_LES_case/emros4132250/LJRF02_20210601_R1/SPICULE-Page0_Lear35_20210601_R1_L1.ict
59,  1001
Lawson, Paul
SPEC Inc
Page0 on SPEC Lear35
SPICULE 2021
1, 1
2021, 06, 01,   2022,11,7
1
Time_Start, seconds, elapsed time from 00:00:00 UTC
27
1,1,1,1,1,1,1,1,1,1,1,1,1,1,1,1,1,1,1,1,1,1,1,1,1,1,1
-9999,-9999,-9999,-9999,-9999,-9999,-9999,-9999,-9999,-9999,-9999,-9999,-9999,-9999,-9999,-9999,-9999,-9999,-9999,-9999,-9999,-9999,-9999,-9999,-9999,-9999,-9999
TAS,	   (m/s),  Platform True Air Speed	
Palt,      (ft),   Platform_AltitudePressure_InSitu_None, Pressure altitude
Hdg,       (deg),  Platform_HeadingTrue_InSitu_None, Aircraft heading
Temp,      (C),    Met_StaticAirTemperature_InSitu_None, Rosemount temperature
Dew,       (C),    Met_DewPoint_InSitu_None, Dew point temperature
NevLWC,    (g/m3), CldMicro_LWC_InSitu_None_Bulk_AMB, Nevzorov liquid water content
FSSPWC,    (g/m3), CldMicro_TWC_InSitu_Optical_Drop_AMB, FFSSP water content
FCDPHWC,   (g/m3), CldMicro_TWC_InSitu_Optical_Drop_AMB, Hawkeye-FCDP water content
FCDPWC,    (g/m3), CldMicro_TWC_InSitu_Optical_Drop_AMB, FCDP water content
NevTWC,    (g/m3), CldMicro_TWC_InSitu_None_Bulk_AMB, Nevzorov total water content
NevLWC3,   (g/m3), CldMicro_TWC_InSitu_None_Bulk_AMB, Nevzorov 3mm for Large drop water content
Rice,      (dHz),  none, Ice detector frequency 
VaV,       (m/s),  Met_WWindSpeed_InSitu_None, Vertical wind (updraft)
FSSPConc,  (#/cc), CldMicro_NumConc_InSitu_Optical_Drop_AMB, FFSSP concentration
FCDPHConc, (#/cc), CldMicro_NumConc_InSitu_Optical_Drop_AMB, Hawkeye-FCDP concentration
FCDPConc,  (#/cc), CldMicro_NumConc_InSitu_Optical_Drop_AMB, FCDP concentration
2DSHsn10,  (#/L),  CldMicro_NumConc_InSitu_Optical_DroptoPrecip_AMB, SPEC 2D-S SN10 Concentration, H-channel
2DSVsn10,  (#/L),  CldMicro_NumConc_InSitu_Optical_DroptoPrecip_AMB, SPEC 2D-S SN10 Concentration, V-channel  
F2DSH,     (#/L),  CldMicro_NumConc_InSitu_Optical_DroptoPrecip_AMB, Fast 2D-S Concentration, H-channel
F2DSV,     (#/L),  CldMicro_NumConc_InSitu_Optical_DroptoPrecip_AMB, Fast 2D-S Concentration, V-channel
2DS10Hawk, (#/L),  CldMicro_NumConc_InSitu_Optical_DroptoPrecip_AMB, Hawkeye-2DS 10um channel concentration
2DS50Hawk, (#/L),  CldMicro_NumConc_InSitu_Optical_DroptoPrecip_AMB, Hawkeye-2DS 50um channel concentration
HVPS,      (#/m3),  CldMicro_NumConc_InSitu_Optical_Precip_AMB, HVPS concentration
CPI,       (#/s),  none, CPI particles counts per second
Lat,       (deg),  Platform_Latitude_InSitu_None, Latitude
Long,      (deg),  Platform_Longitude_InSitu_None, Longitude
PCASP,     (#/cc), AerMP_NumConc_Insitu_Optical_RHa_AccutoCoarse_AMB, PCASP concentration.
0
18
PI_CONTACT_INFO: Paul Lawson, SPEC Inc, 3022 Sterling Circle, Suite 200, Boulder, CO 80301, plawson@specinc.com
PLATFORM: SPEC Learjet 35
LOCATION: Broomfield, CO; see Lear35 Nav data for lat/long in flight
ASSOCIATED_DATA: See the NCAR database for additional Lear cloud probe data: FCDP, FFSSP, 2D-S, Hawkeye, CPI, HVPS, and similar cloud probe data from NCAR GV
INSTRUMENT_INFO: Various
DATA_INFO: Summary of navigation, state, cloud, and aerosol probe data from Learjet35
UNCERTAINTY:  Please contact PI
ULOD_FLAG:  -7777
ULOD_VALUE: N/A
LLOD_FLAG:  -8888
LLOD_VALUE: N/A
DM_CONTACT_INFO: Sarah Woods, SPEC INC, 3022 Sterling Circle, Suite 200, Boulder, CO 80301, 303-449-1105, swoods@specinc.com
PROJECT_INFO: SPICULE Campaign; June 2021
STIPULATIONS_ON_USE:  Please contact PI or DM for stipulations or assistance interpreting and analyzing data.
OTHER_COMMENTS:  F2DS was not installed for every flight, so some flights will have -9999 for entire flight.
REVISION: R1
R1: Final Data, same as R0 version. However, the NevLWC and NevTWC is replace with Alexei"s corrected values
Time_Start,TAS,Palt,Hdg,Temp,Dew,NevLWC,FSSPWC,FCDPHWC,FCDPWC,NevTWC,NevLWC3,Rice,VaV,FSSPConc,FCDPHConc,FCDPConc,2DSHsn10,2DSVsn10,F2DSH,F2DSV,2DS10Hawk,2DS50Hawk,HVPS,CPI,Lat,Long,PCASP
[from data line 758]
 62630,129,12700,  116,  -3.1,  -8.7,       0.007,       0.000,       0.000,       0.000,       0.053,       0.003,      30.000,       0.500,       0.000,       0.000,       0.000,       0.000,       0.000,       0.000,       0.000,   -9999.000,       3.000,     623.000,       0.000,     39.94,   -105.01,    -9999.
 62631,129,12747,  117,  -3.3,  -8.8,       0.010,       0.000,       0.000,       0.000,       0.127,       0.006,      30.000,      -0.500,       0.000,       0.000,       0.000,       0.000,       0.000,       0.000,       0.000,   -9999.000,       2.000,     389.000,       0.000,     39.94,   -105.01,    -9999.
 62632,129,12789,  116,  -3.5,  -8.8,       0.012,       0.000,       0.000,       0.000,       0.151,       0.014,      20.000,      -1.700,       0.000,       0.000,       0.000,       0.000,       0.000,      12.000,       0.000,   -9999.000,       3.000,     382.000,       0.000,     39.94,   -105.01,    -9999.
 62633,129,12826,  116,  -3.5,  -8.8,       0.010,       0.000,       0.000,       0.000,       0.099,       0.009,      20.000,      -0.700,       0.000,       0.000,       0.000,       0.000,       0.000,       0.000,      16.000,   -9999.000,       2.000,     559.000,       0.000,     39.94,   -105.01,    -9999.
 62634,129,12861,  117,  -3.7,  -8.7,       0.023,       0.000,       0.000,       0.000,       0.149,       0.022,      30.000,      -1.900,       0.000,       0.000,       0.000,      13.000,       0.000,       1.000,       0.000,   -9999.000,       5.000,     784.000,       1.000,     39.94,   -105.01,    -9999.
 62635,130,12895,  117,  -3.8,  -8.9,       0.001,       0.000,       0.000,       0.000,       0.167,       0.000,      30.000,      -1.300,       0.000,       0.000,       0.000,       0.000,       0.000,       0.000,       0.000,   -9999.000,       5.000,    1024.000,       0.000,     39.94,   -105.00,    -9999.
 62636,128,12935,  117,  -3.8,  -8.7,       0.025,       0.000,       0.000,       0.000,       0.059,       0.022,      20.000,      -1.800,       0.000,       0.000,       0.000,      13.000,      13.000,       2.000,       2.000,   -9999.000,       4.000,    1066.000,       0.000,     39.94,   -105.00,    -9999.
 62637,129,12967,  116,  -3.9,  -8.8,       0.010,       0.000,       0.000,       0.000,       0.134,       0.009,      20.000,      -1.100,       0.000,       0.000,       0.000,       0.000,       0.000,       3.000,       0.000,   -9999.000,       3.000,     982.000,       0.000,     39.94,   -105.00,    -9999.
 62638,129,13001,  116,  -4.0,  -9.4,       0.023,       0.000,       0.000,       0.000,       0.135,       0.007,      30.000,      -1.200,       0.000,       0.000,       0.000,       0.000,       0.000,       0.000,       0.000,   -9999.000,       4.000,    1092.000,       1.000,     39.94,   -105.00,    -9999.
 62639,129,13033,  115,  -4.1,  -9.2,       0.009,       0.000,       0.000,       0.000,       0.184,       0.001,      20.000,      -0.900,       0.000,       0.000,       0.000,       0.000,      13.000,       0.000,       0.000,   -9999.000,       6.000,    1008.000,       1.000,     39.93,   -105.00,    -9999.
 62640,129,13068,  116,  -4.2,  -9.4,       0.012,       0.000,       0.000,       0.000,       0.147,       0.015,      20.000,      -1.300,       0.000,       0.000,       0.000,       0.000,       0.000,       0.000,       3.000,   -9999.000,       7.000,    1302.000,       1.000,     39.93,   -105.00,    -9999.
 62641,130,13102,  116,  -4.3,  -9.6,       0.017,       0.000,       0.000,       0.000,       0.309,       0.012,      20.000,      -1.600,       0.000,       0.000,       0.000,       0.000,       0.000,       1.000,       0.000,   -9999.000,      24.000,    2569.000,       0.000,     39.93,   -105.00,    -9999.
 62642,130,13137,  116,  -4.4,  -9.6,       0.038,       0.000,       0.000,       0.000,       0.346,       0.026,      30.000,      -1.700,       0.000,       0.000,       0.000,       2.000,      16.000,       7.000,       6.000,   -9999.000,      22.000,    4760.000,       0.000,     39.93,   -105.00,    -9999.
 62643,131,13169,  116,  -4.5,  -9.8,       0.034,       0.000,       0.000,       0.000,       0.215,       0.003,      30.000,      -1.500,       0.000,       0.000,       0.000,       3.000,       2.000,       1.000,       2.000,   -9999.000,      18.000,    3497.000,       4.000,     39.93,   -104.99,    -9999.
 62644,131,13203,  116,  -4.6,  -9.6,       0.002,       0.000,       0.000,       0.000,       0.087,       0.016,      20.000,      -1.400,       0.000,       0.000,       0.000,       1.000,       2.000,       2.000,       3.000,   -9999.000,       9.000,    2848.000,       2.000,     39.93,   -104.99,    -9999.
 62645,131,13235,  116,  -4.6,  -9.5,       0.008,       0.000,       0.000,       0.000,       0.101,       0.005,      30.000,      -0.700,       0.000,       0.000,       0.000,       2.000,       2.000,       3.000,       0.000,   -9999.000,       8.000,    2689.000,       0.000,     39.93,   -104.99,    -9999.
 62646,133,13269,  116,  -4.9,  -9.6,       0.005,       0.000,       0.000,       0.000,       0.058,       0.003,      30.000,      -0.600,       0.000,       0.000,       0.000,       4.000,       3.000,      13.000,       2.000,   -9999.000,       5.000,    1877.000,       0.000,     39.93,   -104.99,    -9999.
 62647,134,13301,  116,  -5.1,  -9.8,       0.010,       0.000,       0.000,       0.000,       0.067,       0.001,      30.000,      -0.100,       0.000,       0.000,       0.000,       3.000,       1.000,       2.000,       2.000,   -9999.000,       3.000,    1781.000,       0.000,     39.93,   -104.99,    -9999.
 62648,135,13340,  117,  -5.2,  -9.1,       0.011,       0.000,       0.000,       0.000,       0.051,       0.007,      30.000,      -0.100,       0.000,       0.000,       0.000,       0.000,       2.000,       0.000,       0.000,   -9999.000,       2.000,     802.000,       1.000,     39.93,   -104.99,    -9999.
 62649,136,13377,  117,  -5.3,  -8.5,       0.005,       0.000,       0.000,       0.000,       0.071,       0.003,      20.000,       0.400,       0.000,       0.000,       0.000,       0.000,      13.000,       1.000,       0.000,   -9999.000,       2.000,    1018.000,       1.000,     39.92,   -104.99,    -9999.
 62650,135,13418,  118,  -5.4,  -8.9,       0.004,       0.000,       0.000,       0.000,       0.042,      -0.001,      30.000,      -0.500,       0.000,       0.000,       0.000,       1.000,       0.000,       0.000,       0.000,   -9999.000,       3.000,     844.000,       0.000,     39.92,   -104.99,    -9999.
 62651,135,13463,  118,  -5.4,  -9.5,       0.002,       0.000,       0.000,       0.000,       0.067,      -0.002,      30.000,      -0.600,       0.000,       0.000,       0.000,      15.000,       0.000,       3.000,       0.000,   -9999.000,       0.000,     445.000,       0.000,     39.92,   -104.98,    -9999.
 62652,135,13504,  118,  -5.5,  -9.5,       0.002,       0.000,       0.000,       0.000,       0.030,       0.002,      20.000,      -0.800,       0.000,       0.000,       0.000,       0.000,       0.000,       0.000,       0.000,   -9999.000,       1.000,     326.000,       0.000,     39.92,   -104.98,    -9999.
 62653,135,13542,  118,  -5.6,  -9.7,       0.003,       0.000,       0.000,       0.000,       0.020,       0.002,      20.000,      -1.400,       0.000,       0.000,       0.000,       0.000,       0.000,       1.000,       0.000,   -9999.000,       2.000,     591.000,       1.000,     39.92,   -104.98,    -9999.
 62654,136,13578,  117,  -5.7,  -9.8,       0.005,       0.000,       0.000,       0.000,       0.016,      -0.002,      30.000,       0.000,       0.000,       0.000,       0.000,       0.000,       0.000,       1.000,       0.000,   -9999.000,       0.000,     352.000,       0.000,     39.92,   -104.98,    -9999.
 62655,136,13619,  118,  -5.8,  -9.7,       0.005,       0.000,       0.000,       0.000,       0.017,       0.001,      30.000,      -0.500,       0.000,       0.000,       0.000,       0.000,      12.000,       0.000,       0.000,   -9999.000,       1.000,     525.000,       0.000,     39.92,   -104.98,    -9999.
 62656,136,13658,  117,  -5.8,  -9.8,       0.005,       0.000,       0.000,       0.000,       0.013,       0.002,      30.000,      -0.400,       0.000,       0.000,       0.000,       0.000,       0.000,       0.000,       0.000,   -9999.000,       0.000,     445.000,       0.000,     39.92,   -104.98,    -9999.
 62657,137,13695,  117,  -6.0,  -9.8,       0.006,       0.000,       0.000,       0.000,       0.011,       0.002,      30.000,      -0.200,       0.000,       0.000,       0.000,       0.000,       0.000,       0.000,       0.000,   -9999.000,       0.000,     289.000,       0.000,     39.92,   -104.98,    -9999.
 62658,137,13730,  118,  -6.0,  -9.9,       0.003,       0.000,       0.000,       0.000,       0.011,       0.000,      30.000,       0.400,       0.000,       0.000,       0.000,       0.000,       0.000,       0.000,       0.000,   -9999.000,       0.000,     316.000,       0.000,     39.92,   -104.98,    -9999.
 62659,137,13768,  119,  -6.1,  -9.9,       0.004,       0.000,       0.000,       0.000,       0.017,       0.001,      30.000,       0.600,       0.000,       0.000,       0.000,       0.000,       0.000,      12.000,       0.000,   -9999.000,       0.000,     312.000,       0.000,     39.92,   -104.97,    -9999.
 62660,137,13806,  121,  -6.2, -10.0,       0.003,       0.000,       0.000,       0.000,       0.002,      -0.002,      20.000,       0.500,       0.000,       0.000,       0.000,       0.000,       0.000,       0.000,       0.000,   -9999.000,       0.000,     294.000,       0.000,     39.92,   -104.97,    -9999.
 62661,137,13844,  123,  -6.3, -10.0,       0.001,       0.000,       0.000,       0.000,       0.027,      -0.002,      30.000,       0.200,       0.000,       0.000,       0.000,       0.000,       0.000,       0.000,       0.000,   -9999.000,       0.000,     311.000,       0.000,     39.91,   -104.97,    -9999.
 62662,137,13887,  124,  -6.5, -10.1,       0.006,       0.000,       0.000,       0.000,       0.008,       0.001,      20.000,       0.300,       0.000,       0.000,       0.000,       0.000,       0.000,       0.000,       0.000,   -9999.000,       0.000,     212.000,       0.000,     39.91,   -104.97,    -9999.
 62663,138,13927,  126,  -6.6, -10.1,      -0.001,       0.000,       0.000,       0.000,       0.018,       0.002,      20.000,      -0.400,       0.000,       0.000,       0.000,       0.000,       0.000,       0.000,       0.000,   -9999.000,       0.000,      98.000,       0.000,     39.91,   -104.97,    -9999.
 62664,138,13970,  128,  -6.7, -10.2,      -0.002,       0.000,       0.000,       0.000,       0.003,       0.002,      20.000,       0.900,       0.000,       0.000,       0.000,       0.000,       0.000,       0.000,       0.000,   -9999.000,       0.000,     119.000,       0.000,     39.91,   -104.97,    -9999.
 62665,137,14015,  130,  -6.7, -10.2,      -0.002,       0.000,       0.000,       0.000,       0.001,       0.002,      20.000,      -0.400,       0.000,       0.000,       0.000,       0.000,       0.000,       0.000,       0.000,   -9999.000,       0.000,      76.000,       0.000,     39.91,   -104.97,    -9999.
 62666,137,14057,  131,  -6.9, -10.1,      -0.002,       0.000,       0.000,       0.000,       0.006,       0.003,      20.000,       0.300,       0.000,       0.000,       0.000,       0.000,       0.000,       0.000,       0.000,   -9999.000,       0.000,     135.000,       0.000,     39.91,   -104.97,    -9999.
 62667,138,14100,  133,  -7.0, -10.2,      -0.002,       0.000,       0.000,       0.000,       0.003,       0.027,      20.000,       0.700,       0.000,       0.000,       0.000,       0.000,       0.000,       0.000,       3.000,   -9999.000,       0.000,     133.000,       0.000,     39.91,   -104.97,    -9999.
 62668,137,14141,  135,  -7.0, -10.3,      -0.003,       0.000,       0.000,       0.000,       0.004,       0.004,      20.000,      -0.400,       0.000,       0.000,       0.000,       3.000,       0.000,       0.000,       0.000,   -9999.000,       0.000,     127.000,       1.000,     39.91,   -104.97,    -9999.
 62669,137,14184,  136,  -7.1, -10.3,       0.004,       0.000,       0.000,       0.000,       0.029,       0.002,      20.000,      -0.300,       0.000,       0.000,       0.000,       0.000,       0.000,       0.000,       0.000,   -9999.000,       0.000,     148.000,       0.000,     39.91,   -104.97,    -9999.
 62670,137,14227,  137,  -7.2, -10.6,       0.005,       0.000,       0.000,       0.000,       0.016,      -0.001,      30.000,       0.100,       0.000,       0.000,       0.000,       0.000,       0.000,       3.000,       0.000,   -9999.000,       0.000,      82.000,       0.000,     39.90,   -104.96,    -9999.
 62671,137,14266,  139,  -7.3, -10.6,      -0.004,       0.000,       0.000,       0.000,       0.007,       0.004,      30.000,       0.100,       0.000,       0.000,       0.000,       0.000,       0.000,       0.000,       0.000,   -9999.000,       0.000,      46.000,       0.000,     39.90,   -104.96,    -9999.
 62672,137,14306,  141,  -7.4, -10.7,      -0.004,       0.000,       0.000,       0.000,       0.003,      -0.000,      30.000,      -0.600,       0.000,       0.000,       0.000,       0.000,       0.000,       0.000,       0.000,   -9999.000,       0.000,      35.000,       0.000,     39.90,   -104.96,    -9999.
 62673,137,14349,  143,  -7.5, -10.8,      -0.000,       0.000,       0.000,       0.000,       0.003,       0.004,      30.000,       0.700,       0.000,       0.000,       0.000,       0.000,       0.000,       0.000,       0.000,   -9999.000,       1.000,      70.000,       1.000,     39.90,   -104.96,    -9999.
 62674,138,14385,  144,  -7.6, -10.9,      -0.003,       0.000,       0.000,       0.000,       0.002,       0.001,      30.000,       0.100,       0.000,       0.000,       0.000,       0.000,       0.000,       2.000,       2.000,   -9999.000,       0.000,      75.000,       1.000,     39.90,   -104.96,    -9999.
 62675,137,14427,  147,  -7.7, -10.9,      -0.002,       0.000,       0.000,       0.000,      -0.001,       0.002,      20.000,       0.700,       0.000,       0.000,       0.000,      13.000,       0.000,       3.000,       0.000,   -9999.000,       0.000,      61.000,       0.000,     39.90,   -104.96,    -9999.
 62676,137,14469,  149,  -7.8, -10.6,      -0.001,       0.000,       0.000,       0.000,       0.006,       0.002,      20.000,       0.100,       0.000,       0.000,       0.000,       0.000,       0.000,       0.000,       0.000,   -9999.000,       0.000,      56.000,       0.000,     39.90,   -104.96,    -9999.
 62677,138,14511,  152,  -7.9, -10.8,      -0.003,       0.000,       0.000,       0.000,       0.006,      -0.001,      30.000,      -0.200,       0.000,       0.000,       0.000,       0.000,       0.000,       0.000,       0.000,   -9999.000,       0.000,      17.000,       0.000,     39.90,   -104.96,    -9999.
 62678,138,14551,  155,  -8.0, -10.8,      -0.004,       0.000,       0.000,       0.000,       0.002,      -0.000,      20.000,       0.100,       0.000,       0.000,       0.000,       0.000,       0.000,       0.000,       0.000,   -9999.000,       0.000,      27.000,       0.000,     39.89,   -104.96,    -9999.
