RF02_LES_case/emros4132250/LJRF02_20210601_R1/SPICULE-Page0_Lear35_20210601_R1_L1.ict
59,  1001
Lawson, Paul
SPEC Inc
Page0 on SPEC Lear35
SPICULE 2021
1, 1
2021, 06, 01,   2022,11,7
1
Time_Start, seconds, elapsed time from 00:00:00 UTC
27
1,1,1,1,1,1,1,1,1,1,1,1,1,1,1,1,1,1,1,1,1,1,1,1,1,1,1
-9999,-9999,-9999,-9999,-9999,-9999,-9999,-9999,-9999,-9999,-9999,-9999,-9999,-9999,-9999,-9999,-9999,-9999,-9999,-9999,-9999,-9999,-9999,-9999,-9999,-9999,-9999
TAS,	   (m/s),  Platform True Air Speed	
Palt,      (ft),   Platform_AltitudePressure_InSitu_None, Pressure altitude
Hdg,       (deg),  Platform_HeadingTrue_InSitu_None, Aircraft heading
Temp,      (C),    Met_StaticAirTemperature_InSitu_None, Rosemount temperature
Dew,       (C),    Met_DewPoint_InSitu_None, Dew point temperature
NevLWC,    (g/m3), CldMicro_LWC_InSitu_None_Bulk_AMB, Nevzorov liquid water content
FSSPWC,    (g/m3), CldMicro_TWC_InSitu_Optical_Drop_AMB, FFSSP water content
FCDPHWC,   (g/m3), CldMicro_TWC_InSitu_Optical_Drop_AMB, Hawkeye-FCDP water content
FCDPWC,    (g/m3), CldMicro_TWC_InSitu_Optical_Drop_AMB, FCDP water content
NevTWC,    (g/m3), CldMicro_TWC_InSitu_None_Bulk_AMB, Nevzorov total water content
NevLWC3,   (g/m3), CldMicro_TWC_InSitu_None_Bulk_AMB, Nevzorov 3mm for Large drop water content
Rice,      (dHz),  none, Ice detector frequency 
VaV,       (m/s),  Met_WWindSpeed_InSitu_None, Vertical wind (updraft)
FSSPConc,  (#/cc), CldMicro_NumConc_InSitu_Optical_Drop_AMB, FFSSP concentration
FCDPHConc, (#/cc), CldMicro_NumConc_InSitu_Optical_Drop_AMB, Hawkeye-FCDP concentration
FCDPConc,  (#/cc), CldMicro_NumConc_InSitu_Optical_Drop_AMB, FCDP concentration
2DSHsn10,  (#/L),  CldMicro_NumConc_InSitu_Optical_DroptoPrecip_AMB, SPEC 2D-S SN10 Concentration, H-channel
2DSVsn10,  (#/L),  CldMicro_NumConc_InSitu_Optical_DroptoPrecip_AMB, SPEC 2D-S SN10 Concentration, V-channel  
F2DSH,     (#/L),  CldMicro_NumConc_InSitu_Optical_DroptoPrecip_AMB, Fast 2D-S Concentration, H-channel
F2DSV,     (#/L),  CldMicro_NumConc_InSitu_Optical_DroptoPrecip_AMB, Fast 2D-S Concentration, V-channel
2DS10Hawk, (#/L),  CldMicro_NumConc_InSitu_Optical_DroptoPrecip_AMB, Hawkeye-2DS 10um channel concentration
2DS50Hawk, (#/L),  CldMicro_NumConc_InSitu_Optical_DroptoPrecip_AMB, Hawkeye-2DS 50um channel concentration
HVPS,      (#/m3),  CldMicro_NumConc_InSitu_Optical_Precip_AMB, HVPS concentration
CPI,       (#/s),  none, CPI particles counts per second
Lat,       (deg),  Platform_Latitude_InSitu_None, Latitude
Long,      (deg),  Platform_Longitude_InSitu_None, Longitude
PCASP,     (#/cc), AerMP_NumConc_Insitu_Optical_RHa_AccutoCoarse_AMB, PCASP concentration.
0
18
PI_CONTACT_INFO: Paul Lawson, SPEC Inc, 3022 Sterling Circle, Suite 200, Boulder, CO 80301, plawson@specinc.com
PLATFORM: SPEC Learjet 35
LOCATION: Broomfield, CO; see Lear35 Nav data for lat/long in flight
ASSOCIATED_DATA: See the NCAR database for additional Lear cloud probe data: FCDP, FFSSP, 2D-S, Hawkeye, CPI, HVPS, and similar cloud probe data from NCAR GV
INSTRUMENT_INFO: Various
DATA_INFO: Summary of navigation, state, cloud, and aerosol probe data from Learjet35
UNCERTAINTY:  Please contact PI
ULOD_FLAG:  -7777
ULOD_VALUE: N/A
LLOD_FLAG:  -8888
LLOD_VALUE: N/A
DM_CONTACT_INFO: Sarah Woods, SPEC INC, 3022 Sterling Circle, Suite 200, Boulder, CO 80301, 303-449-1105, swoods@specinc.com
PROJECT_INFO: SPICULE Campaign; June 2021
STIPULATIONS_ON_USE:  Please contact PI or DM for stipulations or assistance interpreting and analyzing data.
OTHER_COMMENTS:  F2DS was not installed for every flight, so some flights will have -9999 for entire flight.
REVISION: R1
R1: Final Data, same as R0 version. However, the NevLWC and NevTWC is replace with Alexei"s corrected values
Time_Start,TAS,Palt,Hdg,Temp,Dew,NevLWC,FSSPWC,FCDPHWC,FCDPWC,NevTWC,NevLWC3,Rice,VaV,FSSPConc,FCDPHConc,FCDPConc,2DSHsn10,2DSVsn10,F2DSH,F2DSV,2DS10Hawk,2DS50Hawk,HVPS,CPI,Lat,Long,PCASP
[from data line 6966]
 68838,141,19856,  147, -19.9, -31.1,       0.008,       0.000,       0.000,       0.000,       0.004,       0.024,      30.000,      -0.100,       0.000,       0.000,       0.000,       0.000,       0.000,       0.000,       0.000,   -9999.000,       0.000,       0.000,       0.000,     38.50,   -102.15,    -9999.
 68839,142,19867,  148, -20.0, -30.7,       0.008,       0.000,       0.000,       0.000,       0.004,       0.019,      30.000,      -0.200,       0.000,       0.000,       0.000,       0.000,       0.000,       0.000,       0.000,   -9999.000,       0.000,       0.000,       0.000,     38.50,   -102.15,    -9999.
 68840,142,19872,  148, -20.0, -30.0,       0.008,       0.000,       0.000,       0.000,       0.005,       0.017,      30.000,      -0.100,       0.000,       0.000,       0.000,       0.000,       0.000,       0.000,       0.000,   -9999.000,       0.000,       0.000,       0.000,     38.50,   -102.15,    -9999.
 68841,143,19878,  149, -20.0, -29.5,       0.009,       0.000,       0.000,       0.000,       0.005,       0.023,      30.000,      -0.100,       0.000,       0.000,       0.000,       0.000,       0.000,       0.000,       0.000,   -9999.000,       0.000,       0.000,       0.000,     38.50,   -102.15,    -9999.
 68842,143,19881,  149, -20.1, -28.9,       0.010,       0.000,       0.000,       0.000,       0.004,       0.020,      20.000,      -0.100,       0.000,       0.000,       0.000,       0.000,       0.000,       0.000,       0.000,   -9999.000,       0.000,       0.000,       0.000,     38.50,   -102.15,    -9999.
 68843,144,19881,  148, -20.1, -28.5,       0.012,       0.000,       0.000,       0.000,       0.005,       0.016,      30.000,       0.000,       0.000,       0.000,       0.000,       0.000,       0.000,       0.000,       0.000,   -9999.000,       0.000,       0.000,       0.000,     38.50,   -102.15,    -9999.
 68844,145,19884,  147, -20.1, -27.9,       0.010,       0.000,       0.000,       0.000,       0.003,       0.014,      30.000,      -0.400,       0.000,       0.000,       0.000,       0.000,       0.000,       0.000,       0.000,   -9999.000,       0.000,       0.000,       0.000,     38.49,   -102.15,    -9999.
 68845,145,19878,  147, -20.1, -27.2,       0.006,       0.000,       0.000,       0.000,       0.005,       0.019,      20.000,      -0.100,       0.000,       0.000,       0.000,       0.000,       0.000,       0.000,       0.000,   -9999.000,       0.000,       0.000,       0.000,     38.49,   -102.15,    -9999.
 68846,146,19876,  147, -20.1, -26.7,      -0.004,       0.000,       0.000,       0.000,       0.005,       0.020,      30.000,      -0.300,       0.000,       0.000,       0.000,       0.000,       0.000,       0.000,       0.000,   -9999.000,       0.000,       0.000,       0.000,     38.49,   -102.15,    -9999.
 68847,146,19873,  147, -20.1, -26.4,      -0.003,       0.000,       0.000,       0.000,       0.006,       0.015,      20.000,      -0.200,       0.000,       0.000,       0.000,       0.000,       0.000,       0.000,       0.000,   -9999.000,       0.000,       0.000,       0.000,     38.49,   -102.15,    -9999.
 68848,147,19872,  147, -20.1, -26.0,      -0.003,       0.000,       0.000,       0.000,       0.005,       0.012,      20.000,      -0.200,       0.000,       0.000,       0.000,       0.000,       0.000,       0.000,       0.000,   -9999.000,       0.000,       0.000,       0.000,     38.49,   -102.15,    -9999.
 68849,147,19872,  147, -20.1, -25.7,      -0.003,       0.000,       0.000,       0.000,       0.005,       0.012,      30.000,      -0.300,       0.000,       0.000,       0.000,       0.000,       0.000,       0.000,       0.000,   -9999.000,       0.000,       0.000,       0.000,     38.49,   -102.15,    -9999.
 68850,147,19872,  147, -20.1, -25.4,      -0.004,       0.000,       0.000,       0.000,       0.003,       0.010,      20.000,      -0.200,       0.000,       0.000,       0.000,       0.000,       0.000,       0.000,       0.000,   -9999.000,       0.000,       0.000,       0.000,     38.49,   -102.15,    -9999.
 68851,148,19875,  146, -20.1, -25.4,      -0.004,       0.000,       0.000,       0.000,       0.005,       0.012,      20.000,      -0.400,       0.000,       0.000,       0.000,       0.000,       0.000,       0.000,       0.000,   -9999.000,       0.000,       0.000,       0.000,     38.49,   -102.15,    -9999.
 68852,148,19874,  146, -20.1, -25.4,      -0.004,       0.000,       0.000,       0.000,       0.003,       0.011,      30.000,      -0.300,       0.000,       0.000,       0.000,       0.000,       0.000,       0.000,       0.000,   -9999.000,       0.000,       0.000,       0.000,     38.48,   -102.15,    -9999.
 68853,148,19873,  145, -20.2, -25.6,      -0.004,       0.000,       0.000,       0.000,       0.004,       0.008,      20.000,      -0.300,       0.000,       0.000,       0.000,       0.000,       0.000,       0.000,       0.000,   -9999.000,       0.000,       0.000,       0.000,     38.48,   -102.15,    -9999.
 68854,149,19871,  145, -20.2, -25.7,      -0.004,       0.000,       0.000,       0.000,       0.006,       0.009,      20.000,      -0.200,       0.000,       0.000,       0.000,       0.000,       0.000,       0.000,       0.000,   -9999.000,       0.000,       0.000,       0.000,     38.48,   -102.14,    -9999.
 68855,149,19868,  144, -20.2, -25.9,      -0.005,       0.000,       0.000,       0.000,       0.006,       0.008,      20.000,      -0.300,       0.000,       0.000,       0.000,       0.000,       0.000,       0.000,       0.000,   -9999.000,       0.000,       0.000,       0.000,     38.48,   -102.14,    -9999.
 68856,149,19865,  144, -20.3, -26.1,      -0.003,       0.000,       0.000,       0.000,       0.006,       0.007,      20.000,      -0.300,       0.000,       0.000,       0.000,       0.000,       0.000,       0.000,       0.000,   -9999.000,       0.000,       0.000,       0.000,     38.48,   -102.14,    -9999.
 68857,150,19862,  144, -20.3, -26.4,      -0.005,       0.000,       0.000,       0.000,       0.005,       0.011,      20.000,      -0.300,       0.000,       0.000,       0.000,       0.000,       0.000,       0.000,       0.000,   -9999.000,       0.000,       0.000,       0.000,     38.48,   -102.14,    -9999.
 68858,150,19860,  144, -20.3, -26.7,      -0.002,       0.000,       0.000,       0.000,       0.005,       0.012,      20.000,      -0.300,       0.000,       0.000,       0.000,       0.000,       0.000,       0.000,       0.000,   -9999.000,       0.000,       0.000,       0.000,     38.48,   -102.14,    -9999.
 68859,150,19857,  145, -20.3, -27.0,      -0.004,       0.000,       0.000,       0.000,       0.004,       0.009,      20.000,      -0.200,       0.000,       0.000,       0.000,       0.000,       0.000,       0.000,       0.000,   -9999.000,       0.000,       0.000,       0.000,     38.47,   -102.14,    -9999.
 68860,151,19854,  145, -20.3, -27.2,      -0.004,       0.000,       0.000,       0.000,       0.006,       0.009,      20.000,      -0.300,       0.000,       0.000,       0.000,       0.000,       0.000,       0.000,       0.000,   -9999.000,       0.000,       0.000,       0.000,     38.47,   -102.14,    -9999.
 68861,151,19849,  146, -20.3, -27.3,      -0.004,       0.000,       0.000,       0.000,       0.004,       0.008,      30.000,      -0.200,       0.000,       0.000,       0.000,       0.000,       0.000,       0.000,       0.000,   -9999.000,       0.000,       0.000,       0.000,     38.47,   -102.14,    -9999.
 68862,151,19846,  146, -20.3, -27.4,      -0.002,       0.000,       0.000,       0.000,       0.006,       0.007,      20.000,      -0.200,       0.000,       0.000,       0.000,       0.000,       0.000,       0.000,       0.000,   -9999.000,       0.000,       0.000,       0.000,     38.47,   -102.14,    -9999.
 68863,151,19844,  146, -20.2, -27.6,      -0.004,       0.000,       0.000,       0.000,       0.005,       0.006,      20.000,      -0.200,       0.000,       0.000,       0.000,       0.000,       0.000,       0.000,       0.000,   -9999.000,       0.000,       0.000,       0.000,     38.47,   -102.14,    -9999.
 68864,152,19841,  146, -20.2, -27.7,      -0.005,       0.000,       0.000,       0.000,       0.003,       0.007,      20.000,      -0.300,       0.000,       0.000,       0.000,       0.000,       0.000,       0.000,       0.000,   -9999.000,       0.000,       0.000,       0.000,     38.47,   -102.14,    -9999.
 68865,152,19838,  147, -20.1, -27.6,      -0.004,       0.000,       0.000,       0.000,       0.004,       0.010,      20.000,      -0.400,       0.000,       0.000,       0.000,       0.000,       0.000,       0.000,       0.000,   -9999.000,       0.000,       0.000,       0.000,     38.47,   -102.14,    -9999.
 68866,152,19836,  148, -20.1, -27.5,      -0.005,       0.000,       0.000,       0.000,       0.003,       0.001,      30.000,      -0.400,       0.000,       0.000,       0.000,       0.000,       0.000,       0.000,       0.000,   -9999.000,       0.000,       0.000,       0.000,     38.46,   -102.14,    -9999.
 68867,152,19835,  149, -20.1, -27.6,      -0.004,       0.000,       0.000,       0.000,       0.005,       0.003,      20.000,      -0.200,       0.000,       0.000,       0.000,       0.000,       0.000,       0.000,       0.000,   -9999.000,       0.000,       0.000,       0.000,     38.46,   -102.14,    -9999.
 68868,153,19835,  150, -20.1, -27.4,      -0.004,       0.000,       0.000,       0.000,       0.006,       0.001,      20.000,      -0.200,       0.000,       0.000,       0.000,       0.000,       0.000,       0.000,       0.000,   -9999.000,       0.000,       0.000,       0.000,     38.46,   -102.14,    -9999.
 68869,153,19839,  150, -20.1, -27.3,      -0.004,       0.000,       0.000,       0.000,       0.003,      -0.001,      20.000,      -0.200,       0.000,       0.000,       0.000,       0.000,       0.000,       0.000,       0.000,   -9999.000,       0.000,       0.000,       0.000,     38.46,   -102.14,    -9999.
 68870,153,19839,  150, -20.0, -27.3,      -0.004,       0.000,       0.000,       0.000,       0.003,       0.003,      20.000,      -0.500,       0.000,       0.000,       0.000,       0.000,       0.000,       0.000,       0.000,   -9999.000,       0.000,       0.000,       0.000,     38.46,   -102.14,    -9999.
 68871,153,19838,  150, -20.0, -27.1,      -0.007,       0.000,       0.000,       0.000,       0.004,       0.002,      20.000,      -0.500,       0.000,       0.000,       0.000,       0.000,       0.000,       0.000,       0.000,   -9999.000,       0.000,       0.000,       0.000,     38.46,   -102.14,    -9999.
 68872,153,19837,  150, -20.0, -27.1,      -0.006,       0.000,       0.000,       0.000,       0.004,       0.004,      20.000,      -0.500,       0.000,       0.000,       0.000,       0.000,       0.000,       0.000,       0.000,   -9999.000,       0.000,       0.000,       0.000,     38.46,   -102.13,    -9999.
 68873,154,19838,  150, -20.0, -27.0,      -0.007,       0.000,       0.000,       0.000,       0.005,       0.004,      20.000,      -0.300,       0.000,       0.000,       0.000,       0.000,       0.000,       0.000,       0.000,   -9999.000,       0.000,       0.000,       0.000,     38.45,   -102.13,    -9999.
 68874,154,19843,  150, -19.9, -27.1,      -0.003,       0.000,       0.000,       0.000,       0.005,       0.002,      20.000,      -0.300,       0.000,       0.000,       0.000,       0.000,       0.000,       0.000,       0.000,   -9999.000,       0.000,       0.000,       0.000,     38.45,   -102.13,    -9999.
 68875,154,19841,  150, -19.9, -26.9,      -0.003,       0.000,       0.000,       0.000,       0.003,       0.001,      20.000,      -0.200,       0.000,       0.000,       0.000,       0.000,       0.000,       0.000,       0.000,   -9999.000,       0.000,       0.000,       0.000,     38.45,   -102.13,    -9999.
 68876,154,19842,  150, -19.9, -26.7,      -0.002,       0.000,       0.000,       0.000,       0.005,       0.003,      30.000,       0.200,       0.000,       0.000,       0.000,       0.000,       0.000,       0.000,       0.000,   -9999.000,       0.000,       0.000,       0.000,     38.45,   -102.13,    -9999.
 68877,155,19846,  150, -19.8, -26.7,      -0.004,       0.000,       0.000,       0.000,       0.004,       0.006,      20.000,       0.000,       0.000,       0.000,       0.000,       0.000,       0.000,       0.000,       0.000,   -9999.000,       0.000,       0.000,       0.000,     38.45,   -102.13,    -9999.
 68878,155,19844,  150, -19.7, -26.9,      -0.004,       0.000,       0.000,       0.000,       0.004,       0.002,      20.000,       0.100,       0.000,       0.000,       0.000,       0.000,       0.000,       0.000,       0.000,   -9999.000,       0.000,       0.000,       0.000,     38.45,   -102.13,    -9999.
 68879,155,19847,  150, -19.7, -27.1,      -0.005,       0.000,       0.000,       0.000,       0.004,      -0.002,      30.000,       0.600,       0.000,       0.000,       0.000,       0.000,       0.000,       0.000,       0.000,   -9999.000,       0.000,       0.000,       0.000,     38.45,   -102.13,    -9999.
 68880,155,19851,  150, -19.7, -27.5,      -0.005,       0.000,       0.000,       0.000,       0.003,       0.005,      20.000,       0.700,       0.000,       0.000,       0.000,       0.000,       0.000,       0.000,       0.000,   -9999.000,       0.000,       0.000,       0.000,     38.44,   -102.13,    -9999.
 68881,155,19857,  150, -19.7, -27.8,       0.441,       0.500,       0.300,       0.900,       0.519,       0.813,      20.000,       0.600,      74.000,      32.000,     107.000,   59700.000,   61216.000,  145022.000,  153763.000,   -9999.000,     308.000,     365.000,     170.000,     38.44,   -102.13,    -9999.
 68882,155,19868,  150, -19.8, -28.3,       1.223,       0.800,       1.000,       2.000,       1.439,       1.313,      50.000,       0.700,     106.000,     169.000,     222.000,  268894.000,  282739.000,  195597.000,  208943.000,   -9999.000,     671.000,    1209.000,     264.000,     38.44,   -102.13,    -9999.
 68883,155,19877,  150, -20.0, -28.7,       1.142,       0.700,       1.000,       1.000,       1.238,       1.251,     100.000,       3.100,      88.000,     155.000,     111.000,  148187.000,  153954.000,  118963.000,  129906.000,   -9999.000,     404.000,     821.000,     159.000,     38.44,   -102.13,    -9999.
 68884,156,19899,  150, -20.1, -28.7,       0.738,       0.500,       0.900,       1.000,       0.853,       0.898,     130.000,       0.700,      62.000,      96.000,     122.000,  160872.000,  156053.000,  173050.000,  188998.000,   -9999.000,     632.000,     630.000,     215.000,     38.44,   -102.13,    -9999.
 68885,155,19905,  151, -20.1, -27.4,       1.626,       1.000,       1.000,       2.000,       1.780,       1.747,     170.000,      -5.100,     131.000,     145.000,     227.000,  355446.000,  415454.000,  299357.000,  377483.000,   -9999.000,     531.000,    1219.000,     350.000,     38.44,   -102.13,    -9999.
 68886,152,19930,  152, -19.6, -26.2,       1.649,       1.000,       0.000,       3.000,       1.643,       1.861,     240.000,       3.300,     149.000,       0.000,     283.000,   -9999.000,   -9999.000,  196484.000,  275119.000,   -9999.000,     594.000,    1265.000,     292.000,     38.44,   -102.13,    -9999.
