RF02_LES_case/emros4132250/LJRF02_20210601_R1/SPICULE-Page0_Lear35_20210601_R1_L2.ict
59,  1001
Lawson, Paul
SPEC Inc
Page0 on SPEC Lear35
SPICULE 2021
1, 1
2021, 06, 01,   2022,11,7
1
Time_Start, seconds, elapsed time from 00:00:00 UTC
27
1,1,1,1,1,1,1,1,1,1,1,1,1,1,1,1,1,1,1,1,1,1,1,1,1,1,1
-9999,-9999,-9999,-9999,-9999,-9999,-9999,-9999,-9999,-9999,-9999,-9999,-9999,-9999,-9999,-9999,-9999,-9999,-9999,-9999,-9999,-9999,-9999,-9999,-9999,-9999,-9999
TAS,	   (m/s),  Platform True Air Speed	
Palt,      (ft),   Platform_AltitudePressure_InSitu_None, Pressure altitude
Hdg,       (deg),  Platform_HeadingTrue_InSitu_None, Aircraft heading
Temp,      (C),    Met_StaticAirTemperature_InSitu_None, Rosemount temperature
Dew,       (C),    Met_DewPoint_InSitu_None, Dew point temperature
NevLWC,    (g/m3), CldMicro_LWC_InSitu_None_Bulk_AMB, Nevzorov liquid water content
FSSPWC,    (g/m3), CldMicro_TWC_InSitu_Optical_Drop_AMB, FFSSP water content
FCDPHWC,   (g/m3), CldMicro_TWC_InSitu_Optical_Drop_AMB, Hawkeye-FCDP water content
FCDPWC,    (g/m3), CldMicro_TWC_InSitu_Optical_Drop_AMB, FCDP water content
NevTWC,    (g/m3), CldMicro_TWC_InSitu_None_Bulk_AMB, Nevzorov total water content
NevLWC3,   (g/m3), CldMicro_TWC_InSitu_None_Bulk_AMB, Nevzorov 3mm for Large drop water content
Rice,      (dHz),  none, Ice detector frequency 
VaV,       (m/s),  Met_WWindSpeed_InSitu_None, Vertical wind (updraft)
FSSPConc,  (#/cc), CldMicro_NumConc_InSitu_Optical_Drop_AMB, FFSSP concentration
FCDPHConc, (#/cc), CldMicro_NumConc_InSitu_Optical_Drop_AMB, Hawkeye-FCDP concentration
FCDPConc,  (#/cc), CldMicro_NumConc_InSitu_Optical_Drop_AMB, FCDP concentration
2DSHsn10,  (#/L),  CldMicro_NumConc_InSitu_Optical_DroptoPrecip_AMB, SPEC 2D-S SN10 Concentration, H-channel
2DSVsn10,  (#/L),  CldMicro_NumConc_InSitu_Optical_DroptoPrecip_AMB, SPEC 2D-S SN10 Concentration, V-channel  
F2DSH,     (#/L),  CldMicro_NumConc_InSitu_Optical_DroptoPrecip_AMB, Fast 2D-S Concentration, H-channel
F2DSV,     (#/L),  CldMicro_NumConc_InSitu_Optical_DroptoPrecip_AMB, Fast 2D-S Concentration, V-channel
2DS10Hawk, (#/L),  CldMicro_NumConc_InSitu_Optical_DroptoPrecip_AMB, Hawkeye-2DS 10um channel concentration
2DS50Hawk, (#/L),  CldMicro_NumConc_InSitu_Optical_DroptoPrecip_AMB, Hawkeye-2DS 50um channel concentration
HVPS,      (#/m3),  CldMicro_NumConc_InSitu_Optical_Precip_AMB, HVPS concentration
CPI,       (#/s),  none, CPI particles counts per second
Lat,       (deg),  Platform_Latitude_InSitu_None, Latitude
Long,      (deg),  Platform_Longitude_InSitu_None, Longitude
PCASP,     (#/cc), AerMP_NumConc_Insitu_Optical_RHa_AccutoCoarse_AMB, PCASP concentration.
0
18
PI_CONTACT_INFO: Paul Lawson, SPEC Inc, 3022 Sterling Circle, Suite 200, Boulder, CO 80301, plawson@specinc.com
PLATFORM: SPEC Learjet 35
LOCATION: Broomfield, CO; see Lear35 Nav data for lat/long in flight
ASSOCIATED_DATA: See the NCAR database for additional Lear cloud probe data: FCDP, FFSSP, 2D-S, Hawkeye, CPI, HVPS, and similar cloud probe data from NCAR GV
INSTRUMENT_INFO: Various
DATA_INFO: Summary of navigation, state, cloud, and aerosol probe data from Learjet35
UNCERTAINTY:  Please contact PI
ULOD_FLAG:  -7777
ULOD_VALUE: N/A
LLOD_FLAG:  -8888
LLOD_VALUE: N/A
DM_CONTACT_INFO: Sarah Woods, SPEC INC, 3022 Sterling Circle, Suite 200, Boulder, CO 80301, 303-449-1105, swoods@specinc.com
PROJECT_INFO: SPICULE Campaign; June 2021
STIPULATIONS_ON_USE:  Please contact PI or DM for stipulations or assistance interpreting and analyzing data.
OTHER_COMMENTS:  F2DS was not installed for every flight, so some flights will have -9999 for entire flight.
REVISION: R1
R1: Final Data, same as R0 version. However, the NevLWC and NevTWC is replace with Alexei"s corrected values
Time_Start,TAS,Palt,Hdg,Temp,Dew,NevLWC,FSSPWC,FCDPHWC,FCDPWC,NevTWC,NevLWC3,Rice,VaV,FSSPConc,FCDPHConc,FCDPConc,2DSHsn10,2DSVsn10,F2DSH,F2DSV,2DS10Hawk,2DS50Hawk,HVPS,CPI,Lat,Long,PCASP
[from data line 3231]
 75029,157, 9826,  201,   2.3,  -1.4,       0.003,       0.000,       0.000,       0.000,       0.000,      -0.001,      30.000,      -1.100,       0.000,       0.000,       0.000,       1.000,       3.000,       0.000,       0.000,   -9999.000,       0.000,       0.000,       0.000,     40.24,   -103.13,    -9999.
 75030,157, 9826,  201,   2.3,  -1.2,       0.002,       0.000,       0.000,       0.000,       0.001,      -0.001,      30.000,      -0.300,       0.000,       0.000,       0.000,       0.000,       0.000,       0.000,       0.000,   -9999.000,       0.000,       0.000,       0.000,     40.23,   -103.13,    -9999.
 75031,156, 9827,  201,   2.3,  -1.3,       0.003,       0.000,       0.000,       0.000,       0.001,      -0.000,      30.000,      -0.300,       0.000,       0.000,       0.000,       0.000,       0.000,       0.000,       0.000,   -9999.000,       0.000,       0.000,       0.000,     40.23,   -103.13,    -9999.
 75032,156, 9828,  201,   2.4,  -1.2,       0.000,       0.000,       0.000,       0.000,       0.000,      -0.001,      30.000,      -0.200,       0.000,       0.000,       0.000,       0.000,       0.000,       0.000,       0.000,   -9999.000,       0.000,       0.000,       0.000,     40.23,   -103.13,    -9999.
 75033,156, 9826,  201,   2.4,  -1.2,       0.001,       0.000,       0.000,       0.000,      -0.000,      -0.003,      30.000,       0.300,       0.000,       0.000,       0.000,       0.000,       0.000,       0.000,       0.000,   -9999.000,       0.000,       0.000,       0.000,     40.23,   -103.13,    -9999.
 75034,155, 9824,  201,   2.3,  -1.2,       0.000,       0.000,       0.000,       0.000,       0.001,      -0.002,      30.000,       0.000,       0.000,       0.000,       0.000,       0.000,       0.000,       0.000,       0.000,   -9999.000,       0.000,       0.000,       0.000,     40.23,   -103.13,    -9999.
 75035,156, 9823,  201,   2.3,  -1.3,       0.000,       0.000,       0.000,       0.000,       0.000,      -0.003,      30.000,      -0.400,       0.000,       0.000,       0.000,       0.000,       0.000,       0.000,       0.000,   -9999.000,       0.000,       0.000,       0.000,     40.23,   -103.13,    -9999.
 75036,156, 9822,  201,   2.2,  -0.9,       0.003,       0.000,       0.000,       0.000,       0.001,      -0.001,      30.000,      -0.500,       0.000,       0.000,       0.000,       0.000,       0.000,       1.000,       0.000,   -9999.000,       0.000,       0.000,       0.000,     40.23,   -103.13,    -9999.
 75037,157, 9822,  201,   2.2,  -1.0,       0.002,       0.000,       0.000,       0.000,      -0.000,      -0.001,      30.000,       0.000,       0.000,       0.000,       0.000,       0.000,       0.000,       0.000,       0.000,   -9999.000,       0.000,       0.000,       0.000,     40.23,   -103.13,    -9999.
 75038,158, 9821,  201,   2.2,  -0.8,       0.002,       0.000,       0.000,       0.000,       0.001,      -0.004,      30.000,      -1.200,       0.000,       0.000,       0.000,       0.000,       0.000,       0.000,       0.000,   -9999.000,       0.000,       0.000,       0.000,     40.22,   -103.13,    -9999.
 75039,157, 9821,  201,   2.5,  -1.1,       0.002,       0.000,       0.000,       0.000,       0.000,      -0.001,      30.000,      -0.300,       0.000,       0.000,       0.000,       0.000,       0.000,       0.000,       0.000,   -9999.000,       0.000,       0.000,       0.000,     40.22,   -103.13,    -9999.
 75040,158, 9823,  201,   2.4,  -1.4,       0.003,       0.000,       0.000,       0.000,       0.000,      -0.001,      30.000,      -0.400,       0.000,       0.000,       0.000,      10.000,       0.000,       0.000,       0.000,   -9999.000,       0.000,       0.000,       0.000,     40.22,   -103.13,    -9999.
 75041,157, 9822,  201,   2.5,  -1.0,       0.002,       0.000,       0.000,       0.000,       0.001,      -0.004,      30.000,      -0.700,       0.000,       0.000,       0.000,       0.000,       0.000,       0.000,       0.000,   -9999.000,       0.000,       0.000,       0.000,     40.22,   -103.14,    -9999.
 75042,157, 9823,  201,   2.5,  -1.3,       0.002,       0.000,       0.000,       0.000,       0.000,      -0.003,      30.000,      -0.200,       0.000,       0.000,       0.000,       0.000,       0.000,       0.000,       0.000,   -9999.000,       0.000,       0.000,       0.000,     40.22,   -103.14,    -9999.
 75043,157, 9823,  201,   2.5,  -1.3,       0.004,       0.000,       0.000,       0.000,      -0.000,      -0.001,      30.000,      -0.300,       0.000,       0.000,       0.000,       0.000,       0.000,       0.000,       0.000,   -9999.000,       0.000,       0.000,       0.000,     40.22,   -103.14,    -9999.
 75044,157, 9822,  201,   2.5,  -1.1,       0.003,       0.000,       0.000,       0.000,       0.001,       0.001,      30.000,       0.600,       0.000,       0.000,       0.000,       0.000,       0.000,       0.000,       0.000,   -9999.000,       0.000,       0.000,       0.000,     40.22,   -103.14,    -9999.
 75045,157, 9820,  201,   2.6,  -1.0,       0.001,       0.000,       0.000,       0.000,       0.000,      -0.003,      30.000,       1.200,       0.000,       0.000,       0.000,       0.000,       0.000,       0.000,       0.000,   -9999.000,       0.000,       0.000,       0.000,     40.22,   -103.14,    -9999.
 75046,158, 9824,  201,   2.5,  -1.2,       0.005,       0.000,       0.000,       0.000,       0.000,       0.001,      30.000,      -0.100,       0.000,       0.000,       0.000,       0.000,       2.000,       0.000,       0.000,   -9999.000,       0.000,       0.000,       0.000,     40.21,   -103.14,    -9999.
 75047,158, 9826,  201,   2.4,  -1.3,       0.005,       0.000,       0.000,       0.000,       0.000,       0.001,      30.000,      -0.400,       0.000,       0.000,       0.000,       0.000,       0.000,       0.000,       2.000,   -9999.000,       0.000,       0.000,       0.000,     40.21,   -103.14,    -9999.
 75048,157, 9831,  201,   2.4,  -0.5,       0.001,       0.000,       0.000,       0.000,       0.001,      -0.002,      30.000,      -0.100,       0.000,       0.000,       0.000,       0.000,       0.000,       0.000,       0.000,   -9999.000,       0.000,       0.000,       0.000,     40.21,   -103.14,    -9999.
 75049,157, 9831,  200,   2.4,  -0.5,       0.002,       0.000,       0.000,       0.000,       0.001,      -0.001,      30.000,      -0.800,       0.000,       0.000,       0.000,       0.000,       0.000,       0.000,       0.000,   -9999.000,       0.000,       0.000,       0.000,     40.21,   -103.14,    -9999.
 75050,157, 9832,  200,   2.4,  -0.9,       0.002,       0.000,       0.000,       0.000,       0.001,      -0.002,      30.000,      -0.400,       0.000,      20.000,      72.000,       0.000,       0.000,       0.000,       0.000,   -9999.000,       0.000,       0.000,       0.000,     40.21,   -103.14,    -9999.
 75051,157, 9833,  201,   2.5,  -0.6,       0.001,       0.000,       0.000,       0.000,      -0.000,      -0.001,      30.000,      -0.600,     163.000,     105.000,      37.000,    5053.000,    6175.000,    9428.000,    8429.000,   -9999.000,       0.000,       0.000,       4.000,     40.21,   -103.14,    -9999.
 75052,157, 9831,  200,   2.3,  -1.0,       0.008,       0.000,       0.000,       0.000,       0.016,       0.005,      30.000,       0.900,       3.000,       0.000,       0.000,    1247.000,    1543.000,     924.000,     914.000,   -9999.000,       0.000,       0.000,       1.000,     40.21,   -103.15,    -9999.
 75053,158, 9828,  201,   2.3,  -0.7,       0.000,       0.000,       0.000,       0.000,      -0.000,      -0.005,      30.000,       0.300,       0.000,       0.000,       0.000,       0.000,       0.000,       0.000,       0.000,   -9999.000,       0.000,       0.000,       0.000,     40.20,   -103.15,    -9999.
 75054,157, 9830,  200,   2.7,   0.5,       0.001,       0.000,       0.000,       0.000,       0.000,      -0.002,      30.000,      -1.100,       0.000,       0.000,       0.000,       0.000,       0.000,       0.000,       0.000,   -9999.000,       0.000,       0.000,       0.000,     40.20,   -103.15,    -9999.
 75055,156, 9827,  200,   2.7,   0.5,       0.002,       0.000,       0.000,       0.000,       0.001,      -0.001,      30.000,      -2.300,       0.000,       0.000,       0.000,       0.000,       0.000,       0.000,       0.000,   -9999.000,       0.000,       0.000,       0.000,     40.20,   -103.15,    -9999.
 75056,158, 9820,  201,   2.6,  -0.1,       0.002,       0.000,       0.000,       0.000,       0.001,      -0.001,      30.000,      -0.600,       0.000,       0.000,       0.000,       0.000,       0.000,       0.000,       0.000,   -9999.000,       0.000,       0.000,       0.000,     40.20,   -103.15,    -9999.
 75057,157, 9818,  201,   2.7,  -1.2,       0.000,       0.000,       0.000,       0.000,       0.002,      -0.002,      30.000,      -2.500,       0.000,       0.000,       0.000,       0.000,       0.000,       0.000,       0.000,   -9999.000,       0.000,       0.000,       0.000,     40.20,   -103.15,    -9999.
 75058,157, 9810,  201,   3.0,  -1.3,      -0.001,       0.000,       0.000,       0.000,      -0.000,      -0.003,      30.000,      -2.200,      35.000,      60.000,      78.000,       0.000,       0.000,     144.000,      85.000,   -9999.000,       0.000,       0.000,       0.000,     40.20,   -103.15,    -9999.
 75059,158, 9806,  201,   2.6,  -1.4,       0.021,       0.000,       0.000,       0.200,       0.020,       0.016,      30.000,      -3.200,     168.000,     274.000,     616.000,     744.000,    1162.000,    2650.000,    2611.000,   -9999.000,       0.000,       0.000,       0.000,     40.20,   -103.15,    -9999.
 75060,158, 9800,  200,   2.3,  -1.6,       0.106,       0.200,       0.300,       0.400,       0.104,       0.120,      30.000,      -2.800,     437.000,     914.000,    1382.000,   13961.000,   18361.000,   26794.000,   25429.000,   -9999.000,       0.000,       0.000,       0.000,     40.20,   -103.15,    -9999.
 75061,159, 9793,  200,   2.3,  -0.8,       0.155,       0.200,       0.200,       0.200,       0.143,       0.143,      40.000,       2.300,     533.000,     907.000,    1091.000,    5858.000,    7356.000,   13362.000,   12494.000,   -9999.000,       0.000,       0.000,      13.000,     40.19,   -103.15,    -9999.
 75062,157, 9794,  201,   2.4,   0.8,       0.162,       0.100,       0.200,       0.300,       0.155,       0.137,      30.000,       2.000,     357.000,     863.000,    1175.000,    9818.000,   12636.000,    9843.000,    9959.000,   -9999.000,       0.000,       0.000,      23.000,     40.19,   -103.15,    -9999.
 75063,158, 9799,  201,   2.3,   1.8,       0.118,       0.300,       0.300,       0.500,       0.119,       0.112,      30.000,       2.500,     599.000,     951.000,    2309.000,   13384.000,   17355.000,   36511.000,   36255.000,   -9999.000,       0.000,       0.000,      33.000,     40.19,   -103.16,    -9999.
 75064,159, 9806,  201,   2.3,   3.0,       0.350,       0.400,       0.000,       0.400,       0.299,       0.332,      40.000,       1.800,     676.000,       0.000,    1817.000,   29835.000,   41472.000,   39052.000,   34966.000,   -9999.000,       0.000,       0.000,       0.000,     40.19,   -103.16,    -9999.
 75065,160, 9820,  202,   2.3,   3.6,       0.268,       0.400,       0.300,       0.500,       0.266,       0.290,      40.000,       2.400,     663.000,    1397.000,    2839.000,   22006.000,   32222.000,   58703.000,   51902.000,   -9999.000,       0.000,       0.000,       0.000,     40.19,   -103.16,    -9999.
 75066,162, 9836,  203,   2.2,   3.1,       0.328,       0.400,       0.300,       0.500,       0.268,       0.318,      30.000,       2.600,     671.000,    1489.000,    2806.000,   40110.000,   53798.000,   80868.000,   71996.000,   -9999.000,       0.000,       0.000,      40.000,     40.19,   -103.16,    -9999.
 75067,161, 9850,  204,   2.4,   2.0,       0.339,       0.400,       0.300,       0.500,       0.292,       0.333,      40.000,       2.700,     683.000,    1423.000,    2838.000,   29309.000,   40798.000,   70876.000,   58256.000,   -9999.000,       0.000,       0.000,     125.000,     40.19,   -103.16,    -9999.
 75068,161, 9865,  205,   2.5,   1.4,       0.321,       0.400,       0.300,       0.600,       0.297,       0.318,      40.000,       1.900,     630.000,    1312.000,    2610.000,   61922.000,   82683.000,  112074.000,  105241.000,   -9999.000,       0.000,       0.000,     149.000,     40.19,   -103.16,    -9999.
 75069,160, 9874,  206,   2.5,   1.7,       0.333,       0.400,       0.300,       0.600,       0.322,       0.323,      30.000,       1.700,     630.000,    1317.000,    2491.000,   67540.000,   89278.000,  114276.000,  108751.000,   -9999.000,       0.000,       0.000,       1.000,     40.19,   -103.16,    -9999.
 75070,160, 9883,  207,   2.5,   1.4,       0.324,       0.400,       0.300,       0.500,       0.283,       0.320,      30.000,       2.000,     636.000,    1446.000,    2747.000,   66030.000,   86410.000,  106048.000,  100380.000,   -9999.000,       0.000,       0.000,       3.000,     40.18,   -103.16,    -9999.
 75071,160, 9884,  209,   2.5,   1.6,       0.366,       0.400,       0.300,       0.500,       0.327,       0.361,      40.000,       3.500,     752.000,    1608.000,    2757.000,   36027.000,   51207.000,   69787.000,   57522.000,   -9999.000,       0.000,       0.000,      36.000,     40.18,   -103.16,    -9999.
 75072,160, 9884,  209,   2.5,   1.4,       0.348,       0.400,       0.400,       0.500,       0.307,       0.342,      30.000,       2.400,     606.000,    1136.000,    1710.000,   58466.000,   78554.000,  101639.000,   96959.000,   -9999.000,       0.000,       0.000,     178.000,     40.18,   -103.17,    -9999.
 75073,162, 9881,  211,   2.2,   1.6,       0.327,       0.300,       0.300,       0.400,       0.302,       0.336,      30.000,       1.800,     550.000,    1001.000,    1892.000,   54439.000,   71284.000,   72595.000,   69176.000,   -9999.000,       0.000,       0.000,     147.000,     40.18,   -103.17,    -9999.
 75074,162, 9880,  213,   2.2,   1.5,       0.230,       0.300,       0.300,       0.400,       0.213,       0.225,      30.000,       2.500,     652.000,    1175.000,    1917.000,   16447.000,   23498.000,   31301.000,   25982.000,   -9999.000,       0.000,       0.000,       1.000,     40.18,   -103.17,    -9999.
 75075,163, 9878,  214,   2.1,   1.6,       0.207,       0.300,       0.300,       0.500,       0.159,       0.176,      40.000,       1.800,     685.000,    1207.000,    1795.000,    5457.000,    7896.000,    8821.000,    7518.000,   -9999.000,       2.000,       0.000,       0.000,     40.18,   -103.17,    -9999.
 75076,163, 9877,  215,   2.1,   1.1,       0.176,       0.300,       0.400,       0.500,       0.153,       0.167,      30.000,       2.900,     740.000,    1396.000,    1956.000,    1341.000,    1760.000,    3518.000,    2501.000,   -9999.000,       0.000,       0.000,       5.000,     40.18,   -103.17,    -9999.
 75077,161, 9877,  216,   2.3,   1.0,       0.193,       0.300,       0.200,       0.200,       0.154,       0.173,      40.000,       0.600,     697.000,     586.000,     846.000,    4293.000,    6782.000,   12580.000,   10942.000,   -9999.000,       0.000,       0.000,      34.000,     40.18,   -103.17,    -9999.
