RF02_LES_case/emros4132250/LJRF02_20210601_R1/SPICULE-Page0_Lear35_20210601_R1_L2.ict
59,  1001
Lawson, Paul
SPEC Inc
Page0 on SPEC Lear35
SPICULE 2021
1, 1
2021, 06, 01,   2022,11,7
1
Time_Start, seconds, elapsed time from 00:00:00 UTC
27
1,1,1,1,1,1,1,1,1,1,1,1,1,1,1,1,1,1,1,1,1,1,1,1,1,1,1
-9999,-9999,-9999,-9999,-9999,-9999,-9999,-9999,-9999,-9999,-9999,-9999,-9999,-9999,-9999,-9999,-9999,-9999,-9999,-9999,-9999,-9999,-9999,-9999,-9999,-9999,-9999
TAS,	   (m/s),  Platform True Air Speed	
Palt,      (ft),   Platform_AltitudePressure_InSitu_None, Pressure altitude
Hdg,       (deg),  Platform_HeadingTrue_InSitu_None, Aircraft heading
Temp,      (C),    Met_StaticAirTemperature_InSitu_None, Rosemount temperature
Dew,       (C),    Met_DewPoint_InSitu_None, Dew point temperature
NevLWC,    (g/m3), CldMicro_LWC_InSitu_None_Bulk_AMB, Nevzorov liquid water content
FSSPWC,    (g/m3), CldMicro_TWC_InSitu_Optical_Drop_AMB, FFSSP water content
FCDPHWC,   (g/m3), CldMicro_TWC_InSitu_Optical_Drop_AMB, Hawkeye-FCDP water content
FCDPWC,    (g/m3), CldMicro_TWC_InSitu_Optical_Drop_AMB, FCDP water content
NevTWC,    (g/m3), CldMicro_TWC_InSitu_None_Bulk_AMB, Nevzorov total water content
NevLWC3,   (g/m3), CldMicro_TWC_InSitu_None_Bulk_AMB, Nevzorov 3mm for Large drop water content
Rice,      (dHz),  none, Ice detector frequency 
VaV,       (m/s),  Met_WWindSpeed_InSitu_None, Vertical wind (updraft)
FSSPConc,  (#/cc), CldMicro_NumConc_InSitu_Optical_Drop_AMB, FFSSP concentration
FCDPHConc, (#/cc), CldMicro_NumConc_InSitu_Optical_Drop_AMB, Hawkeye-FCDP concentration
FCDPConc,  (#/cc), CldMicro_NumConc_InSitu_Optical_Drop_AMB, FCDP concentration
2DSHsn10,  (#/L),  CldMicro_NumConc_InSitu_Optical_DroptoPrecip_AMB, SPEC 2D-S SN10 Concentration, H-channel
2DSVsn10,  (#/L),  CldMicro_NumConc_InSitu_Optical_DroptoPrecip_AMB, SPEC 2D-S SN10 Concentration, V-channel  
F2DSH,     (#/L),  CldMicro_NumConc_InSitu_Optical_DroptoPrecip_AMB, Fast 2D-S Concentration, H-channel
F2DSV,     (#/L),  CldMicro_NumConc_InSitu_Optical_DroptoPrecip_AMB, Fast 2D-S Concentration, V-channel
2DS10Hawk, (#/L),  CldMicro_NumConc_InSitu_Optical_DroptoPrecip_AMB, Hawkeye-2DS 10um channel concentration
2DS50Hawk, (#/L),  CldMicro_NumConc_InSitu_Optical_DroptoPrecip_AMB, Hawkeye-2DS 50um channel concentration
HVPS,      (#/m3),  CldMicro_NumConc_InSitu_Optical_Precip_AMB, HVPS concentration
CPI,       (#/s),  none, CPI particles counts per second
Lat,       (deg),  Platform_Latitude_InSitu_None, Latitude
Long,      (deg),  Platform_Longitude_InSitu_None, Longitude
PCASP,     (#/cc), AerMP_NumConc_Insitu_Optical_RHa_AccutoCoarse_AMB, PCASP concentration.
0
18
PI_CONTACT_INFO: Paul Lawson, SPEC Inc, 3022 Sterling Circle, Suite 200, Boulder, CO 80301, plawson@specinc.com
PLATFORM: SPEC Learjet 35
LOCATION: Broomfield, CO; see Lear35 Nav data for lat/long in flight
ASSOCIATED_DATA: See the NCAR database for additional Lear cloud probe data: FCDP, FFSSP, 2D-S, Hawkeye, CPI, HVPS, and similar cloud probe data from NCAR GV
INSTRUMENT_INFO: Various
DATA_INFO: Summary of navigation, state, cloud, and aerosol probe data from Learjet35
UNCERTAINTY:  Please contact PI
ULOD_FLAG:  -7777
ULOD_VALUE: N/A
LLOD_FLAG:  -8888
LLOD_VALUE: N/A
DM_CONTACT_INFO: Sarah Woods, SPEC INC, 3022 Sterling Circle, Suite 200, Boulder, CO 80301, 303-449-1105, swoods@specinc.com
PROJECT_INFO: SPICULE Campaign; June 2021
STIPULATIONS_ON_USE:  Please contact PI or DM for stipulations or assistance interpreting and analyzing data.
OTHER_COMMENTS:  F2DS was not installed for every flight, so some flights will have -9999 for entire flight.
REVISION: R1
R1: Final Data, same as R0 version. However, the NevLWC and NevTWC is replace with Alexei"s corrected values
Time_Start,TAS,Palt,Hdg,Temp,Dew,NevLWC,FSSPWC,FCDPHWC,FCDPWC,NevTWC,NevLWC3,Rice,VaV,FSSPConc,FCDPHConc,FCDPConc,2DSHsn10,2DSVsn10,F2DSH,F2DSV,2DS10Hawk,2DS50Hawk,HVPS,CPI,Lat,Long,PCASP
[from data line 2373]
 74171,130,11132,  350,  -0.6,  -5.0,       0.006,       0.000,       0.000,       0.000,      -0.002,      -0.003,      30.000,       0.000,       0.000,       0.000,       0.000,       0.000,       0.000,       0.000,       0.000,   -9999.000,       0.000,       0.000,       0.000,     39.90,   -103.10,    -9999.
 74172,131,11136,  351,  -0.6,  -4.9,       0.008,       0.000,       0.000,       0.000,      -0.002,      -0.003,      30.000,      -0.300,       0.000,       0.000,       0.000,       0.000,       0.000,       0.000,       0.000,   -9999.000,       0.000,       0.000,       0.000,     39.90,   -103.10,    -9999.
 74173,130,11139,  352,  -0.5,  -5.0,       0.003,       0.000,       0.000,       0.000,      -0.002,      -0.002,      30.000,       0.100,       0.000,       0.000,       0.000,       0.000,       0.000,       0.000,       0.000,   -9999.000,       0.000,       0.000,       0.000,     39.90,   -103.10,    -9999.
 74174,131,11144,  354,  -0.4,  -5.1,       0.002,       0.000,       0.000,       0.000,      -0.002,      -0.005,      30.000,       0.300,       0.000,       0.000,       0.000,       0.000,       0.000,       0.000,       0.000,   -9999.000,       0.000,       0.000,       0.000,     39.90,   -103.10,    -9999.
 74175,131,11152,  355,  -0.4,  -5.2,       0.002,       0.000,       0.000,       0.000,      -0.002,      -0.001,      30.000,      -0.100,       0.000,       0.000,       0.000,       0.000,       0.000,       0.000,       0.000,   -9999.000,       0.000,       0.000,       0.000,     39.90,   -103.10,    -9999.
 74176,131,11160,  357,  -0.3,  -5.4,       0.004,       0.000,       0.000,       0.000,      -0.002,      -0.004,      30.000,      -0.300,       0.000,       0.000,       0.000,       0.000,       0.000,       0.000,       3.000,   -9999.000,       0.000,       0.000,       0.000,     39.90,   -103.10,    -9999.
 74177,132,11168,  359,  -0.3,  -5.8,       0.004,       0.000,       0.000,       0.000,      -0.001,       0.002,      30.000,      -1.400,       0.000,       0.000,       0.000,       0.000,       0.000,       0.000,       0.000,   -9999.000,       0.000,       0.000,       0.000,     39.90,   -103.10,    -9999.
 74178,132,11180,    1,  -0.4,  -6.1,       0.003,       0.000,       0.000,       0.000,      -0.002,      -0.003,      30.000,      -1.300,       0.000,       0.000,       0.000,       0.000,       0.000,       0.000,       0.000,   -9999.000,       0.000,       0.000,       0.000,     39.90,   -103.10,    -9999.
 74179,134,11191,    3,  -0.7,  -6.4,       0.009,       0.000,       0.000,       0.000,      -0.001,       0.003,      30.000,      -1.300,       0.000,       0.000,       0.000,       0.000,       0.000,       0.000,      12.000,   -9999.000,       0.000,       0.000,       0.000,     39.90,   -103.10,    -9999.
 74180,133,11208,    4,  -0.6,  -6.3,       0.007,       0.000,       0.000,       0.000,      -0.002,      -0.001,      30.000,      -0.800,       0.000,       0.000,       0.000,       0.000,       0.000,       0.000,       0.000,   -9999.000,       0.000,       0.000,       0.000,     39.91,   -103.10,    -9999.
 74181,134,11215,    4,  -0.7,  -5.9,       0.007,       0.000,       0.000,       0.000,      -0.002,      -0.004,      30.000,       1.100,       0.000,       0.000,       0.000,       0.000,       0.000,       0.000,       0.000,   -9999.000,       0.000,       0.000,       0.000,     39.91,   -103.10,    -9999.
 74182,134,11229,    6,  -0.7,  -5.7,       0.007,       0.000,       0.000,       0.000,      -0.002,       0.001,      30.000,       0.900,       0.000,       0.000,       0.000,       0.000,       0.000,       0.000,       0.000,   -9999.000,       0.000,       0.000,       0.000,     39.91,   -103.10,    -9999.
 74183,133,11245,    6,  -0.5,  -5.9,       0.004,       0.000,       0.000,       0.000,      -0.002,      -0.004,      30.000,      -0.900,       0.000,       0.000,       0.000,       0.000,       0.000,       0.000,       0.000,   -9999.000,       0.000,       0.000,       0.000,     39.91,   -103.10,    -9999.
 74184,134,11263,    5,  -0.6,  -5.9,       0.004,       0.000,       0.000,       0.000,      -0.001,      -0.004,      30.000,       0.300,       0.000,       0.000,       0.000,       0.000,       0.000,       0.000,       0.000,   -9999.000,       0.000,       0.000,       0.000,     39.91,   -103.10,    -9999.
 74185,135,11263,    5,  -0.7,  -6.1,       0.010,       0.000,       0.000,       0.000,       0.000,       0.004,      30.000,      -0.400,       0.000,       0.000,       0.000,       0.000,       0.000,       0.000,       0.000,   -9999.000,       0.000,       0.000,       0.000,     39.91,   -103.10,    -9999.
 74186,136,11272,    4,  -0.8,  -6.2,       0.006,       0.200,       0.000,       0.000,       0.000,      -0.001,      30.000,       0.000,     199.000,      93.000,     124.000,     618.000,     785.000,   22016.000,   23181.000,   -9999.000,       0.000,       0.000,      32.000,     39.91,   -103.09,    -9999.
 74187,136,11277,    4,  -1.0,  -6.2,       0.169,       0.000,       0.200,       0.300,       0.151,       0.057,      30.000,      -1.000,      64.000,     224.000,     343.000,   25764.000,   27794.000,   49701.000,   55921.000,   -9999.000,       0.000,       0.000,      28.000,     39.91,   -103.09,    -9999.
 74188,137,11282,    3,  -1.0,  -5.8,       0.285,       0.300,       0.300,       0.300,       0.198,       0.157,      30.000,       0.700,     255.000,     308.000,     389.000,  171497.000,  186318.000,  185786.000,  206826.000,   -9999.000,       0.000,       0.000,       0.000,     39.91,   -103.09,    -9999.
 74189,136,11282,    3,  -0.9,  -5.3,       0.644,       0.000,       0.000,       0.000,       0.594,       0.704,      30.000,       0.400,      73.000,       0.000,       7.000,  169905.000,  181446.000,  118387.000,  131093.000,   -9999.000,       0.000,       0.000,       0.000,     39.92,   -103.09,    -9999.
 74190,135,11286,    2,  -0.7,  -4.4,      -0.010,       0.000,       0.000,       0.100,       0.076,      -0.006,      30.000,      -1.100,       0.000,     110.000,     187.000,    9366.000,   10408.000,   27357.000,   32131.000,   -9999.000,       0.000,       0.000,      68.000,     39.92,   -103.09,    -9999.
 74191,136,11278,    1,  -0.8,  -3.3,       0.023,       0.200,       0.400,       0.500,      -0.010,      -0.010,      30.000,       1.100,     302.000,     669.000,    1022.000,  114585.000,  128532.000,  158149.000,  177623.000,   -9999.000,       0.000,       0.000,     202.000,     39.92,   -103.09,    -9999.
 74192,138,11263,    1,  -1.0,  -2.8,       0.268,       0.400,       0.600,       0.700,       0.220,       0.302,      40.000,       2.000,     482.000,     854.000,    1297.000,  260505.000,  286616.000,  335973.000,  376257.000,   -9999.000,       0.000,       0.000,     385.000,     39.92,   -103.09,    -9999.
 74193,137,11255,    0,  -0.7,  -2.5,       0.576,       0.400,       0.800,       0.800,       0.514,       0.580,      40.000,       0.100,     481.000,     839.000,    1123.000,  334336.000,  378673.000,  386539.000,  434358.000,   -9999.000,       0.000,       0.000,      12.000,     39.92,   -103.09,    -9999.
 74194,137,11239,    0,  -0.5,  -1.5,       0.619,       0.500,       0.400,       0.200,       0.586,       0.610,      40.000,       2.700,     473.000,     433.000,     343.000,  391296.000,  437487.000,  418852.000,  466813.000,   -9999.000,       0.000,       0.000,       0.000,     39.92,   -103.09,    -9999.
 74195,138,11217,  359,  -0.6,  -0.7,       0.415,       0.000,       0.000,       0.000,       0.358,       0.482,      30.000,      -0.100,     104.000,       0.000,       0.000,  130343.000,  148992.000,   65045.000,   73202.000,   -9999.000,       0.000,       0.000,       4.000,     39.92,   -103.09,    -9999.
 74196,140,11196,  358,  -0.7,  -0.2,       0.009,       0.000,       0.000,       0.000,       0.021,      -0.003,      30.000,       0.400,       0.000,       0.000,       0.000,       0.000,       0.000,       0.000,   -9999.000,   -9999.000,       0.000,       0.000,       0.000,     39.92,   -103.09,    -9999.
 74197,141,11163,  357,  -0.6,  -0.2,       0.008,       0.000,       0.000,       0.000,       0.002,      -0.002,      30.000,       0.600,       0.000,       0.000,       0.000,       0.000,       0.000,       0.000,   -9999.000,   -9999.000,       0.000,       0.000,       0.000,     39.92,   -103.09,    -9999.
 74198,142,11142,  357,  -0.4,  -0.6,       0.010,       0.000,       0.000,       0.000,       0.003,      -0.001,      30.000,       0.600,       0.000,       0.000,       0.000,       0.000,       0.000,       0.000,   -9999.000,   -9999.000,       0.000,       0.000,       0.000,     39.92,   -103.09,    -9999.
 74199,143,11120,  356,  -0.4,  -1.3,       0.010,       0.000,       0.000,       0.000,       0.003,      -0.004,      30.000,       0.800,       0.000,       0.000,       0.000,       0.000,       0.000,       0.000,   -9999.000,   -9999.000,       0.000,       0.000,       0.000,     39.93,   -103.09,    -9999.
 74200,143,11100,  355,  -0.3,  -1.9,       0.010,       0.000,       0.000,       0.000,       0.001,       0.001,      30.000,       0.900,       0.000,       0.000,       0.000,       0.000,       0.000,       0.000,   -9999.000,   -9999.000,       0.000,       0.000,       0.000,     39.93,   -103.09,    -9999.
 74201,144,11087,  355,  -0.2,  -2.7,       0.011,       0.000,       0.000,       0.000,       0.002,       0.001,      30.000,       1.000,       0.000,       0.000,       0.000,       0.000,       0.000,       0.000,   -9999.000,   -9999.000,       0.000,       0.000,       0.000,     39.93,   -103.09,    -9999.
 74202,144,11075,  354,  -0.1,  -3.6,       0.011,       0.000,       0.000,       0.000,       0.004,      -0.001,      30.000,       0.800,       0.000,       0.000,       0.000,       0.000,       0.000,       0.000,   -9999.000,   -9999.000,       0.000,       0.000,       0.000,     39.93,   -103.09,    -9999.
 74203,144,11070,  354,   0.0,  -4.3,       0.011,       0.000,       0.000,       0.000,       0.003,       0.001,      30.000,       0.700,       0.000,       0.000,       0.000,       0.000,       0.000,       0.000,   -9999.000,   -9999.000,       0.000,       0.000,       0.000,     39.93,   -103.09,    -9999.
 74204,144,11062,  354,   0.1,  -5.3,       0.006,       0.000,       0.000,       0.000,       0.005,       0.001,      30.000,       0.700,       0.000,       0.000,       0.000,       0.000,       0.000,       0.000,   -9999.000,   -9999.000,       0.000,       0.000,       0.000,     39.93,   -103.09,    -9999.
 74205,143,11061,  353,   0.1,  -6.0,       0.005,       0.000,       0.000,       0.000,       0.004,      -0.002,      30.000,       0.400,       0.000,       0.000,       0.000,       0.000,       0.000,       0.000,   -9999.000,   -9999.000,       0.000,       0.000,       0.000,     39.93,   -103.09,    -9999.
 74206,143,11061,  353,   0.3,  -6.5,      -0.005,       0.000,       0.000,       0.000,       0.005,       0.001,      30.000,       0.300,       0.000,       0.000,       0.000,       0.000,       0.000,       0.000,   -9999.000,   -9999.000,       0.000,       0.000,       0.000,     39.94,   -103.09,    -9999.
 74207,143,11060,  352,   0.3,  -6.6,       0.006,       0.000,       0.000,       0.000,       0.004,      -0.001,      30.000,       0.400,       0.000,       0.000,       0.000,       0.000,       0.000,       0.000,   -9999.000,   -9999.000,       0.000,       0.000,       0.000,     39.94,   -103.09,    -9999.
 74208,143,11060,  352,   0.3,  -6.7,       0.004,       0.000,       0.000,       0.000,       0.005,       0.002,      30.000,       0.000,       0.000,       0.000,       0.000,       0.000,       0.000,       0.000,   -9999.000,   -9999.000,       0.000,       0.000,       0.000,     39.94,   -103.09,    -9999.
 74209,143,11061,  351,   0.3,  -6.9,       0.004,       0.000,       0.000,       0.000,       0.005,      -0.000,      30.000,       0.000,       0.000,       0.000,       0.000,       0.000,       0.000,       0.000,   -9999.000,   -9999.000,       0.000,       0.000,       0.000,     39.94,   -103.09,    -9999.
 74210,143,11062,  351,   0.3,  -6.8,       0.004,       0.000,       0.000,       0.000,       0.004,       0.001,      30.000,      -0.300,       0.000,       0.000,       0.000,       0.000,       0.000,       0.000,   -9999.000,   -9999.000,       0.000,       0.000,       0.000,     39.94,   -103.09,    -9999.
 74211,143,11067,  351,   0.2,  -6.7,       0.004,       0.000,       0.000,       0.000,       0.004,      -0.000,      30.000,      -0.300,       0.000,       0.000,       0.000,       0.000,       0.000,      13.000,       2.000,   -9999.000,       0.000,       0.000,       0.000,     39.94,   -103.09,    -9999.
 74212,144,11070,  350,   0.1,  -6.6,       0.004,       0.000,       0.000,       0.000,       0.005,      -0.000,      30.000,      -0.400,       0.000,       0.000,       0.000,       0.000,       0.000,       0.000,       0.000,   -9999.000,       0.000,       0.000,       0.000,     39.94,   -103.09,    -9999.
 74213,145,11073,  350,   0.1,  -6.5,       0.006,       0.000,       0.000,       0.000,       0.004,      -0.003,      30.000,      -0.600,       0.000,       0.000,       0.000,       0.000,       0.000,       0.000,       0.000,   -9999.000,       0.000,       0.000,       0.000,     39.94,   -103.09,    -9999.
 74214,145,11077,  350,   0.1,  -6.3,       0.005,       0.000,       0.000,       0.000,       0.004,       0.001,      30.000,      -0.500,       0.000,       0.000,       0.000,       0.000,       0.000,       0.000,       0.000,   -9999.000,       0.000,       0.000,       0.000,     39.95,   -103.09,    -9999.
 74215,145,11082,  350,   0.1,  -6.2,       0.007,       0.000,       0.000,       0.000,       0.004,      -0.001,      30.000,       0.400,       0.000,       0.000,       0.000,       0.000,       0.000,       0.000,       0.000,   -9999.000,       0.000,       0.000,       0.000,     39.95,   -103.08,    -9999.
 74216,145,11088,  350,   0.1,  -6.1,       0.006,       0.000,       0.000,       0.000,       0.003,       0.002,      30.000,       0.300,       0.000,       0.000,       0.000,       0.000,       0.000,       0.000,       0.000,   -9999.000,       0.000,       0.000,       0.000,     39.95,   -103.08,    -9999.
 74217,144,11092,  350,   0.1,  -6.0,       0.004,       0.000,       0.000,       0.000,       0.003,      -0.001,      30.000,       0.400,       0.000,       0.000,       0.000,       0.000,       0.000,      11.000,       0.000,   -9999.000,       0.000,       0.000,       0.000,     39.95,   -103.08,    -9999.
 74218,144,11098,  350,   0.1,  -6.0,       0.005,       0.000,       0.000,       0.000,       0.002,       0.000,      30.000,       0.000,       0.000,       0.000,       0.000,       0.000,       0.000,       0.000,       0.000,   -9999.000,       0.000,       0.000,       0.000,     39.95,   -103.08,    -9999.
 74219,143,11103,  350,   0.2,  -6.2,       0.003,       0.000,       0.000,       0.000,       0.003,       0.001,      30.000,       0.200,       0.000,       0.000,       0.000,       0.000,       0.000,       0.000,       0.000,   -9999.000,       0.000,       0.000,       0.000,     39.95,   -103.08,    -9999.
