RF02_LES_case/emros4132250/LJRF02_20210601_R1/SPICULE-Page0_Lear35_20210601_R1_L2.ict
59,  1001
Lawson, Paul
SPEC Inc
Page0 on SPEC Lear35
SPICULE 2021
1, 1
2021, 06, 01,   2022,11,7
1
Time_Start, seconds, elapsed time from 00:00:00 UTC
27
1,1,1,1,1,1,1,1,1,1,1,1,1,1,1,1,1,1,1,1,1,1,1,1,1,1,1
-9999,-9999,-9999,-9999,-9999,-9999,-9999,-9999,-9999,-9999,-9999,-9999,-9999,-9999,-9999,-9999,-9999,-9999,-9999,-9999,-9999,-9999,-9999,-9999,-9999,-9999,-9999
TAS,	   (m/s),  Platform True Air Speed	
Palt,      (ft),   Platform_AltitudePressure_InSitu_None, Pressure altitude
Hdg,       (deg),  Platform_HeadingTrue_InSitu_None, Aircraft heading
Temp,      (C),    Met_StaticAirTemperature_InSitu_None, Rosemount temperature
Dew,       (C),    Met_DewPoint_InSitu_None, Dew point temperature
NevLWC,    (g/m3), CldMicro_LWC_InSitu_None_Bulk_AMB, Nevzorov liquid water content
FSSPWC,    (g/m3), CldMicro_TWC_InSitu_Optical_Drop_AMB, FFSSP water content
FCDPHWC,   (g/m3), CldMicro_TWC_InSitu_Optical_Drop_AMB, Hawkeye-FCDP water content
FCDPWC,    (g/m3), CldMicro_TWC_InSitu_Optical_Drop_AMB, FCDP water content
NevTWC,    (g/m3), CldMicro_TWC_InSitu_None_Bulk_AMB, Nevzorov total water content
NevLWC3,   (g/m3), CldMicro_TWC_InSitu_None_Bulk_AMB, Nevzorov 3mm for Large drop water content
Rice,      (dHz),  none, Ice detector frequency 
VaV,       (m/s),  Met_WWindSpeed_InSitu_None, Vertical wind (updraft)
FSSPConc,  (#/cc), CldMicro_NumConc_InSitu_Optical_Drop_AMB, FFSSP concentration
FCDPHConc, (#/cc), CldMicro_NumConc_InSitu_Optical_Drop_AMB, Hawkeye-FCDP concentration
FCDPConc,  (#/cc), CldMicro_NumConc_InSitu_Optical_Drop_AMB, FCDP concentration
2DSHsn10,  (#/L),  CldMicro_NumConc_InSitu_Optical_DroptoPrecip_AMB, SPEC 2D-S SN10 Concentration, H-channel
2DSVsn10,  (#/L),  CldMicro_NumConc_InSitu_Optical_DroptoPrecip_AMB, SPEC 2D-S SN10 Concentration, V-channel  
F2DSH,     (#/L),  CldMicro_NumConc_InSitu_Optical_DroptoPrecip_AMB, Fast 2D-S Concentration, H-channel
F2DSV,     (#/L),  CldMicro_NumConc_InSitu_Optical_DroptoPrecip_AMB, Fast 2D-S Concentration, V-channel
2DS10Hawk, (#/L),  CldMicro_NumConc_InSitu_Optical_DroptoPrecip_AMB, Hawkeye-2DS 10um channel concentration
2DS50Hawk, (#/L),  CldMicro_NumConc_InSitu_Optical_DroptoPrecip_AMB, Hawkeye-2DS 50um channel concentration
HVPS,      (#/m3),  CldMicro_NumConc_InSitu_Optical_Precip_AMB, HVPS concentration
CPI,       (#/s),  none, CPI particles counts per second
Lat,       (deg),  Platform_Latitude_InSitu_None, Latitude
Long,      (deg),  Platform_Longitude_InSitu_None, Longitude
PCASP,     (#/cc), AerMP_NumConc_Insitu_Optical_RHa_AccutoCoarse_AMB, PCASP concentration.
0
18
PI_CONTACT_INFO: Paul Lawson, SPEC Inc, 3022 Sterling Circle, Suite 200, Boulder, CO 80301, plawson@specinc.com
PLATFORM: SPEC Learjet 35
LOCATION: Broomfield, CO; see Lear35 Nav data for lat/long in flight
ASSOCIATED_DATA: See the NCAR database for additional Lear cloud probe data: FCDP, FFSSP, 2D-S, Hawkeye, CPI, HVPS, and similar cloud probe data from NCAR GV
INSTRUMENT_INFO: Various
DATA_INFO: Summary of navigation, state, cloud, and aerosol probe data from Learjet35
UNCERTAINTY:  Please contact PI
ULOD_FLAG:  -7777
ULOD_VALUE: N/A
LLOD_FLAG:  -8888
LLOD_VALUE: N/A
DM_CONTACT_INFO: Sarah Woods, SPEC INC, 3022 Sterling Circle, Suite 200, Boulder, CO 80301, 303-449-1105, swoods@specinc.com
PROJECT_INFO: SPICULE Campaign; June 2021
STIPULATIONS_ON_USE:  Please contact PI or DM for stipulations or assistance interpreting and analyzing data.
OTHER_COMMENTS:  F2DS was not installed for every flight, so some flights will have -9999 for entire flight.
REVISION: R1
R1: Final Data, same as R0 version. However, the NevLWC and NevTWC is replace with Alexei"s corrected values
Time_Start,TAS,Palt,Hdg,Temp,Dew,NevLWC,FSSPWC,FCDPHWC,FCDPWC,NevTWC,NevLWC3,Rice,VaV,FSSPConc,FCDPHConc,FCDPConc,2DSHsn10,2DSVsn10,F2DSH,F2DSV,2DS10Hawk,2DS50Hawk,HVPS,CPI,Lat,Long,PCASP
[from data line 1717]
 73515,189,17997,   29, -15.2, -19.6,       0.000,       0.000,       0.000,       0.000,       0.000,       0.001,      20.000,      -0.700,       0.000,       0.000,       0.000,       0.000,       0.000,       0.000,   -9999.000,   -9999.000,       0.000,       0.000,       0.000,     39.08,   -102.75,    -9999.
 73516,189,17996,   29, -15.3, -19.4,       0.001,       0.000,       0.000,       0.000,       0.001,       0.002,      20.000,      -0.500,       0.000,       0.000,       0.000,       0.000,       0.000,       0.000,   -9999.000,   -9999.000,       0.000,       0.000,       0.000,     39.08,   -102.75,    -9999.
 73517,189,17996,   29, -15.3, -19.1,       0.000,       0.000,       0.000,       0.000,       0.001,      -0.002,      20.000,      -1.100,       0.000,       0.000,       0.000,       0.000,       0.000,       0.000,   -9999.000,   -9999.000,       0.000,       0.000,       0.000,     39.08,   -102.75,    -9999.
 73518,189,17994,   29, -15.4, -19.0,       0.001,       0.000,       0.000,       0.000,       0.001,      -0.001,      20.000,      -0.700,       0.000,       0.000,       0.000,       0.000,       0.000,       0.000,       0.000,   -9999.000,       0.000,       4.000,       0.000,     39.08,   -102.75,    -9999.
 73519,188,17995,   29, -15.5, -18.8,       0.002,       0.000,       0.000,       0.000,       0.001,       0.002,      20.000,      -0.900,       0.000,       0.000,       0.000,       0.000,       0.000,       0.000,       0.000,   -9999.000,       0.000,      16.000,       0.000,     39.09,   -102.75,    -9999.
 73520,189,17993,   29, -15.6, -18.8,       0.000,       0.000,       0.000,       0.000,      -0.000,       0.000,      30.000,      -0.700,       0.000,       0.000,       0.000,       0.000,       0.000,       0.000,       0.000,   -9999.000,       0.000,       9.000,       0.000,     39.09,   -102.75,    -9999.
 73521,189,17992,   29, -15.6, -18.6,      -0.000,       0.000,       0.000,       0.000,       0.001,       0.001,      20.000,      -1.000,       6.000,      78.000,      34.000,       0.000,       0.000,      16.000,      10.000,   -9999.000,       0.000,       4.000,       0.000,     39.09,   -102.75,    -9999.
 73522,189,17991,   29, -15.7, -18.6,       0.015,       0.000,       0.000,       0.000,       0.011,       0.007,      30.000,      -1.100,      19.000,      77.000,     149.000,      16.000,      26.000,      40.000,      29.000,   -9999.000,       0.000,       5.000,       0.000,     39.09,   -102.75,    -9999.
 73523,189,17986,   29, -15.8, -18.3,       0.010,       0.000,       0.000,       0.000,       0.006,       0.010,      30.000,      -1.600,     103.000,     235.000,     249.000,    1225.000,    1524.000,    2862.000,    2410.000,   -9999.000,       0.000,     155.000,       0.000,     39.09,   -102.74,    -9999.
 73524,189,17986,   29, -15.9, -18.3,       0.050,       0.000,       0.000,       0.000,       0.065,       0.070,      30.000,      -0.900,      98.000,     165.000,     231.000,    1230.000,    1651.000,    1723.000,    1536.000,   -9999.000,       0.000,     269.000,       0.000,     39.09,   -102.74,    -9999.
 73525,189,17986,   29, -15.9, -18.2,       0.014,       0.000,       0.000,       0.000,       0.018,       0.007,      30.000,      -1.800,     126.000,     324.000,     386.000,     150.000,     191.000,     970.000,     932.000,   -9999.000,       0.000,     274.000,       3.000,     39.09,   -102.74,    -9999.
 73526,189,17984,   29, -15.9, -18.0,       0.095,       0.000,       0.000,       0.100,       0.100,       0.083,      30.000,      -0.800,     225.000,     357.000,     518.000,    2921.000,    3935.000,    6544.000,    5446.000,   -9999.000,       0.000,     309.000,      22.000,     39.09,   -102.74,    -9999.
 73527,188,17985,   29, -15.9, -18.0,       0.050,       0.000,       0.000,       0.000,       0.040,       0.033,      30.000,      -1.500,     187.000,     308.000,     357.000,    2201.000,    3032.000,    2979.000,    2664.000,   -9999.000,       1.000,     285.000,       0.000,     39.10,   -102.74,    -9999.
 73528,188,17987,   29, -16.0, -17.6,       0.018,       0.000,       0.000,       0.000,       0.017,       0.022,      30.000,      -1.200,     137.000,     210.000,     241.000,     749.000,    1077.000,    1070.000,    1153.000,   -9999.000,       0.000,     153.000,       1.000,     39.10,   -102.74,    -9999.
 73529,188,17987,   29, -16.0, -17.5,       0.016,       0.000,       0.000,       0.000,       0.012,       0.019,      30.000,      -1.300,     149.000,     312.000,     216.000,     103.000,     207.000,      90.000,     139.000,   -9999.000,       0.000,     137.000,       0.000,     39.10,   -102.74,    -9999.
 73530,189,17986,   29, -16.0, -17.5,       0.018,       0.000,       0.000,       0.000,       0.013,       0.018,      30.000,      -1.000,     123.000,     233.000,     251.000,      34.000,      42.000,      31.000,      12.000,   -9999.000,       0.000,     143.000,       1.000,     39.10,   -102.73,    -9999.
 73531,189,17986,   29, -16.0, -17.4,       0.017,       0.000,       0.000,       0.000,       0.007,       0.013,      30.000,      -0.800,     140.000,     284.000,     349.000,     244.000,     271.000,     424.000,     430.000,   -9999.000,       0.000,     183.000,       1.000,     39.10,   -102.73,    -9999.
 73532,189,17987,   29, -15.9, -17.3,       0.018,       0.000,       0.000,       0.000,       0.010,       0.014,      30.000,      -0.600,     151.000,     292.000,     353.000,      31.000,      65.000,     252.000,     186.000,   -9999.000,       0.000,     212.000,       0.000,     39.10,   -102.73,    -9999.
 73533,189,17987,   29, -15.9, -17.3,       0.087,       0.000,       0.000,       0.000,       0.109,       0.091,      30.000,      -0.700,     164.000,     284.000,     351.000,    1676.000,    1970.000,    2164.000,    2037.000,   -9999.000,       0.000,     295.000,       0.000,     39.10,   -102.73,    -9999.
 73534,189,17988,   29, -15.8, -17.2,       0.021,       0.000,       0.000,       0.000,       0.016,       0.016,      40.000,      -0.800,     160.000,     259.000,     299.000,      38.000,      39.000,      36.000,      53.000,   -9999.000,       0.000,     243.000,       0.000,     39.10,   -102.73,    -9999.
 73535,189,17989,   29, -15.9, -17.2,       0.016,       0.000,       0.000,       0.000,       0.006,       0.014,      30.000,      -0.600,     147.000,     238.000,     306.000,      38.000,      42.000,      25.000,      29.000,   -9999.000,       0.000,     253.000,       0.000,     39.11,   -102.73,    -9999.
 73536,189,17989,   29, -15.8, -17.1,       0.015,       0.000,       0.000,       0.000,       0.015,       0.009,      30.000,      -0.700,     161.000,     284.000,     314.000,      24.000,      81.000,     263.000,     248.000,   -9999.000,       0.000,     256.000,       1.000,     39.11,   -102.73,    -9999.
 73537,189,17991,   29, -15.8, -17.0,       0.026,       0.000,       0.000,       0.000,       0.010,       0.017,      40.000,      -0.900,     131.000,     192.000,     234.000,     251.000,     253.000,     436.000,     393.000,   -9999.000,       0.000,     189.000,       0.000,     39.11,   -102.72,    -9999.
 73538,189,17992,   29, -15.8, -17.2,       0.028,       0.000,       0.000,       0.000,       0.029,       0.025,      30.000,      -0.600,     139.000,     221.000,     255.000,     268.000,     433.000,     630.000,     593.000,   -9999.000,       0.000,     186.000,       0.000,     39.11,   -102.72,    -9999.
 73539,189,17994,   29, -15.9, -17.1,       0.038,       0.000,       0.000,       0.000,       0.039,       0.046,      40.000,      -0.800,     131.000,     197.000,     278.000,    1246.000,    1692.000,    2527.000,    2487.000,   -9999.000,       0.000,     135.000,       0.000,     39.11,   -102.72,    -9999.
 73540,189,17994,   29, -16.0, -17.2,       0.036,       0.000,       0.000,       0.000,       0.023,       0.038,      40.000,      -0.600,     166.000,     263.000,     326.000,    2119.000,    2668.000,    4048.000,    3463.000,   -9999.000,       0.000,      59.000,      15.000,     39.11,   -102.72,    -9999.
 73541,189,17996,   29, -16.0, -17.4,       0.054,       0.000,       0.000,       0.100,       0.047,       0.051,      40.000,      -0.100,     191.000,     282.000,     380.000,    2145.000,    2638.000,    3762.000,    3224.000,   -9999.000,       0.000,     151.000,       8.000,     39.11,   -102.72,    -9999.
 73542,189,17997,   29, -15.9, -17.3,       0.059,       0.000,       0.000,       0.000,       0.049,       0.052,      40.000,      -0.200,     188.000,     316.000,     340.000,    3922.000,    4624.000,    7583.000,    6900.000,   -9999.000,       0.000,     222.000,       0.000,     39.12,   -102.72,    -9999.
 73543,189,17997,   29, -15.9, -17.5,       0.071,       0.000,       0.000,       0.000,       0.065,       0.074,      50.000,      -1.000,     168.000,     227.000,     268.000,    3499.000,    4377.000,    5935.000,    5232.000,   -9999.000,       0.000,     181.000,       0.000,     39.12,   -102.72,    -9999.
 73544,189,17998,   29, -16.0, -17.5,       0.028,       0.000,       0.000,       0.100,       0.025,       0.003,      50.000,      -0.400,     181.000,     324.000,     439.000,    2148.000,    2585.000,    2905.000,    3065.000,   -9999.000,       0.000,     138.000,       1.000,     39.12,   -102.72,    -9999.
 73545,189,17998,   29, -16.0, -17.5,       0.070,       0.000,       0.000,       0.000,       0.041,       0.062,      50.000,      -0.800,     168.000,     107.000,      96.000,    5617.000,    7635.000,    9002.000,    8671.000,   -9999.000,       0.000,     130.000,      25.000,     39.12,   -102.71,    -9999.
 73546,189,17999,   29, -15.9, -17.5,      -0.010,       0.000,       0.000,       0.000,      -0.010,      -0.010,      50.000,      -0.700,      80.000,     222.000,     321.000,     673.000,     673.000,      51.000,      86.000,   -9999.000,       0.000,      55.000,       0.000,     39.12,   -102.71,    -9999.
 73547,189,17999,   29, -15.9, -17.7,       0.044,       0.000,       0.000,       0.000,       0.042,       0.039,      50.000,      -0.900,     156.000,     131.000,     115.000,    1540.000,    1846.000,    3141.000,    2965.000,   -9999.000,       0.000,      56.000,       0.000,     39.12,   -102.71,    -9999.
 73548,189,17999,   29, -16.0, -17.7,       0.000,       0.000,       0.000,       0.000,      -0.010,       0.000,      50.000,      -0.600,       8.000,       1.000,       4.000,     728.000,     861.000,     370.000,     488.000,   -9999.000,       0.000,      42.000,       0.000,     39.12,   -102.71,    -9999.
 73549,188,17996,   29, -15.8, -17.6,       0.003,       0.000,       0.000,       0.000,      -0.001,      -0.002,      50.000,      -0.700,       0.000,       0.000,       9.000,      34.000,      10.000,       0.000,       0.000,   -9999.000,       0.000,       4.000,       0.000,     39.12,   -102.71,    -9999.
 73550,189,17995,   29, -15.7, -17.7,       0.001,       0.000,       0.000,       0.000,       0.002,      -0.001,      50.000,      -1.000,       2.000,       7.000,       0.000,      63.000,     121.000,     182.000,     137.000,   -9999.000,       0.000,       0.000,       0.000,     39.13,   -102.71,    -9999.
 73551,189,17995,   29, -15.7, -17.7,      -0.001,       0.000,       0.000,       0.000,       0.001,      -0.002,      50.000,      -0.600,       0.000,       1.000,      10.000,       0.000,       0.000,       0.000,       0.000,   -9999.000,       0.000,       0.000,       0.000,     39.13,   -102.71,    -9999.
 73552,189,17994,   29, -15.7, -17.9,      -0.001,       0.000,       0.000,       0.000,       0.001,       0.001,      50.000,      -0.500,      32.000,     127.000,     206.000,     418.000,     372.000,     685.000,     922.000,   -9999.000,       0.000,       0.000,       0.000,     39.13,   -102.70,    -9999.
 73553,189,17994,   29, -15.8, -18.0,       0.037,       0.000,       0.000,       0.100,       0.040,       0.029,      50.000,      -0.600,     151.000,     289.000,     356.000,    1223.000,    1451.000,    1733.000,    1332.000,   -9999.000,       0.000,      39.000,       1.000,     39.13,   -102.70,    -9999.
 73554,189,17995,   29, -15.7, -18.0,       0.046,       0.000,       0.000,       0.100,       0.035,       0.047,      60.000,      -0.300,     203.000,     298.000,     378.000,    1168.000,    1250.000,    2283.000,    2048.000,   -9999.000,       0.000,     164.000,       2.000,     39.13,   -102.70,    -9999.
 73555,188,17996,   29, -15.7, -18.1,       0.059,       0.000,       0.000,       0.000,       0.050,       0.061,      60.000,      -0.100,     177.000,     189.000,     239.000,    1080.000,    1338.000,    1498.000,    1338.000,   -9999.000,       0.000,     125.000,       3.000,     39.13,   -102.70,    -9999.
 73556,189,17998,   29, -15.8, -18.0,       0.017,       0.000,       0.000,       0.000,       0.010,       0.027,      50.000,      -0.100,     163.000,     284.000,      89.000,    1506.000,    1954.000,    2498.000,    2510.000,   -9999.000,       0.000,      85.000,       7.000,     39.13,   -102.70,    -9999.
 73557,188,18002,   29, -15.8, -18.1,      -0.003,       0.000,       0.000,       0.000,      -0.010,      -0.004,      60.000,       0.100,       8.000,       0.000,       0.000,     259.000,     362.000,     137.000,     113.000,   -9999.000,       0.000,      49.000,       0.000,     39.14,   -102.70,    -9999.
 73558,189,18002,   29, -15.8, -18.1,       0.001,       0.000,       0.000,       0.000,      -0.002,       0.001,      50.000,       0.100,       0.000,       0.000,       0.000,       0.000,       0.000,       0.000,   -9999.000,   -9999.000,       0.000,       0.000,       0.000,     39.14,   -102.70,    -9999.
 73559,189,18004,   28, -15.7, -18.0,      -0.000,       0.000,       0.000,       0.000,      -0.001,       0.002,      60.000,       0.000,       0.000,       0.000,       0.000,       0.000,       0.000,       0.000,   -9999.000,   -9999.000,       0.000,       0.000,       0.000,     39.14,   -102.69,    -9999.
 73560,189,18004,   27, -15.6, -18.0,      -0.000,       0.000,       0.000,       0.000,      -0.001,      -0.001,      60.000,      -0.300,       0.000,       0.000,       0.000,       0.000,       0.000,       0.000,   -9999.000,   -9999.000,       0.000,       0.000,       0.000,     39.14,   -102.69,    -9999.
 73561,188,18002,   26, -15.5, -18.1,       0.000,       0.000,       0.000,       0.000,       0.000,       0.001,      50.000,      -0.200,       0.000,       0.000,       0.000,       0.000,       0.000,       0.000,   -9999.000,   -9999.000,       0.000,       0.000,       0.000,     39.14,   -102.69,    -9999.
 73562,189,18001,   25, -15.5, -18.2,      -0.000,       0.000,       0.000,       0.000,      -0.000,       0.000,      50.000,      -0.300,       0.000,       0.000,       0.000,       0.000,       0.000,       0.000,   -9999.000,   -9999.000,       0.000,       0.000,       0.000,     39.14,   -102.69,    -9999.
 73563,188,18001,   24, -15.4, -18.2,      -0.002,       0.000,       0.000,       0.000,       0.000,      -0.000,      50.000,      -0.400,       0.000,       0.000,       0.000,       0.000,       0.000,       0.000,   -9999.000,   -9999.000,   -9999.000,       0.000,       0.000,     39.14,   -102.69,    -9999.
