RF02_LES_case/emros4132250/LJRF02_20210601_R1/SPICULE-Page0_Lear35_20210601_R1_L1.ict
59,  1001
Lawson, Paul
SPEC Inc
Page0 on SPEC Lear35
SPICULE 2021
1, 1
2021, 06, 01,   2022,11,7
1
Time_Start, seconds, elapsed time from 00:00:00 UTC
27
1,1,1,1,1,1,1,1,1,1,1,1,1,1,1,1,1,1,1,1,1,1,1,1,1,1,1
-9999,-9999,-9999,-9999,-9999,-9999,-9999,-9999,-9999,-9999,-9999,-9999,-9999,-9999,-9999,-9999,-9999,-9999,-9999,-9999,-9999,-9999,-9999,-9999,-9999,-9999,-9999
TAS,	   (m/s),  Platform True Air Speed	
Palt,      (ft),   Platform_AltitudePressure_InSitu_None, Pressure altitude
Hdg,       (deg),  Platform_HeadingTrue_InSitu_None, Aircraft heading
Temp,      (C),    Met_StaticAirTemperature_InSitu_None, Rosemount temperature
Dew,       (C),    Met_DewPoint_InSitu_None, Dew point temperature
NevLWC,    (g/m3), CldMicro_LWC_InSitu_None_Bulk_AMB, Nevzorov liquid water content
FSSPWC,    (g/m3), CldMicro_TWC_InSitu_Optical_Drop_AMB, FFSSP water content
FCDPHWC,   (g/m3), CldMicro_TWC_InSitu_Optical_Drop_AMB, Hawkeye-FCDP water content
FCDPWC,    (g/m3), CldMicro_TWC_InSitu_Optical_Drop_AMB, FCDP water content
NevTWC,    (g/m3), CldMicro_TWC_InSitu_None_Bulk_AMB, Nevzorov total water content
NevLWC3,   (g/m3), CldMicro_TWC_InSitu_None_Bulk_AMB, Nevzorov 3mm for Large drop water content
Rice,      (dHz),  none, Ice detector frequency 
VaV,       (m/s),  Met_WWindSpeed_InSitu_None, Vertical wind (updraft)
FSSPConc,  (#/cc), CldMicro_NumConc_InSitu_Optical_Drop_AMB, FFSSP concentration
FCDPHConc, (#/cc), CldMicro_NumConc_InSitu_Optical_Drop_AMB, Hawkeye-FCDP concentration
FCDPConc,  (#/cc), CldMicro_NumConc_InSitu_Optical_Drop_AMB, FCDP concentration
2DSHsn10,  (#/L),  CldMicro_NumConc_InSitu_Optical_DroptoPrecip_AMB, SPEC 2D-S SN10 Concentration, H-channel
2DSVsn10,  (#/L),  CldMicro_NumConc_InSitu_Optical_DroptoPrecip_AMB, SPEC 2D-S SN10 Concentration, V-channel  
F2DSH,     (#/L),  CldMicro_NumConc_InSitu_Optical_DroptoPrecip_AMB, Fast 2D-S Concentration, H-channel
F2DSV,     (#/L),  CldMicro_NumConc_InSitu_Optical_DroptoPrecip_AMB, Fast 2D-S Concentration, V-channel
2DS10Hawk, (#/L),  CldMicro_NumConc_InSitu_Optical_DroptoPrecip_AMB, Hawkeye-2DS 10um channel concentration
2DS50Hawk, (#/L),  CldMicro_NumConc_InSitu_Optical_DroptoPrecip_AMB, Hawkeye-2DS 50um channel concentration
HVPS,      (#/m3),  CldMicro_NumConc_InSitu_Optical_Precip_AMB, HVPS concentration
CPI,       (#/s),  none, CPI particles counts per second
Lat,       (deg),  Platform_Latitude_InSitu_None, Latitude
Long,      (deg),  Platform_Longitude_InSitu_None, Longitude
PCASP,     (#/cc), AerMP_NumConc_Insitu_Optical_RHa_AccutoCoarse_AMB, PCASP concentration.
0
18
PI_CONTACT_INFO: Paul Lawson, SPEC Inc, 3022 Sterling Circle, Suite 200, Boulder, CO 80301, plawson@specinc.com
PLATFORM: SPEC Learjet 35
LOCATION: Broomfield, CO; see Lear35 Nav data for lat/long in flight
ASSOCIATED_DATA: See the NCAR database for additional Lear cloud probe data: FCDP, FFSSP, 2D-S, Hawkeye, CPI, HVPS, and similar cloud probe data from NCAR GV
INSTRUMENT_INFO: Various
DATA_INFO: Summary of navigation, state, cloud, and aerosol probe data from Learjet35
UNCERTAINTY:  Please contact PI
ULOD_FLAG:  -7777
ULOD_VALUE: N/A
LLOD_FLAG:  -8888
LLOD_VALUE: N/A
DM_CONTACT_INFO: Sarah Woods, SPEC INC, 3022 Sterling Circle, Suite 200, Boulder, CO 80301, 303-449-1105, swoods@specinc.com
PROJECT_INFO: SPICULE Campaign; June 2021
STIPULATIONS_ON_USE:  Please contact PI or DM for stipulations or assistance interpreting and analyzing data.
OTHER_COMMENTS:  F2DS was not installed for every flight, so some flights will have -9999 for entire flight.
REVISION: R1
R1: Final Data, same as R0 version. However, the NevLWC and NevTWC is replace with Alexei"s corrected values
Time_Start,TAS,Palt,Hdg,Temp,Dew,NevLWC,FSSPWC,FCDPHWC,FCDPWC,NevTWC,NevLWC3,Rice,VaV,FSSPConc,FCDPHConc,FCDPConc,2DSHsn10,2DSVsn10,F2DSH,F2DSV,2DS10Hawk,2DS50Hawk,HVPS,CPI,Lat,Long,PCASP
[from data line 6865]
 68737,142,18675,  183, -16.8, -13.0,      -0.001,       0.000,       0.000,       0.000,       0.004,       0.005,      30.000,      -0.600,       0.000,       0.000,       0.000,       0.000,       0.000,       0.000,   -9999.000,   -9999.000,       0.000,       0.000,       0.000,     38.64,   -102.16,    -9999.
 68738,141,18687,  178, -16.9, -13.6,      -0.000,       0.000,       0.000,       0.000,       0.004,       0.006,      30.000,      -0.500,       0.000,       0.000,       0.000,       0.000,       0.000,       0.000,   -9999.000,   -9999.000,       0.000,       0.000,       0.000,     38.64,   -102.16,    -9999.
 68739,141,18697,  174, -16.9, -14.4,       0.000,       0.000,       0.000,       0.000,       0.003,       0.006,      30.000,      -0.700,       0.000,       0.000,       0.000,       0.000,       0.000,       0.000,       0.000,   -9999.000,       0.000,       0.000,       0.000,     38.63,   -102.16,    -9999.
 68740,140,18700,  170, -17.0, -15.1,      -0.001,       0.000,       0.000,       0.000,       0.003,       0.008,      30.000,      -0.800,       0.000,       0.000,       0.000,       0.000,       0.000,       0.000,       0.000,   -9999.000,       0.000,       3.000,       0.000,     38.63,   -102.16,    -9999.
 68741,140,18701,  166, -17.0, -15.9,      -0.002,       0.000,       0.000,       0.000,       0.003,       0.007,      30.000,      -0.600,       0.000,       0.000,       0.000,       0.000,       0.000,       0.000,       0.000,   -9999.000,       0.000,       2.000,       0.000,     38.63,   -102.16,    -9999.
 68742,140,18694,  162, -17.0, -16.5,      -0.000,       0.000,       0.000,       0.000,       0.004,       0.007,      30.000,      -0.600,       0.000,       0.000,       0.000,       0.000,       0.000,       0.000,       0.000,   -9999.000,       0.000,       0.000,       0.000,     38.63,   -102.16,    -9999.
 68743,140,18682,  159, -17.0, -17.3,      -0.001,       0.000,       0.000,       0.000,       0.003,       0.011,      30.000,      -1.000,       0.000,       0.000,       0.000,       0.000,       0.000,       0.000,       0.000,   -9999.000,       0.000,       0.000,       0.000,     38.63,   -102.17,    -9999.
 68744,140,18668,  156, -17.1, -17.9,      -0.000,       0.000,       0.000,       0.000,       0.005,       0.007,      20.000,      -0.700,       0.000,       0.000,       0.000,       0.000,       0.000,       0.000,       0.000,   -9999.000,       0.000,       0.000,       0.000,     38.63,   -102.17,    -9999.
 68745,140,18643,  153, -17.0, -18.7,      -0.001,       0.000,       0.000,       0.000,       0.002,       0.008,      30.000,      -1.000,       0.000,       0.000,       0.000,       0.000,       0.000,       0.000,       0.000,   -9999.000,       0.000,       0.000,       0.000,     38.63,   -102.17,    -9999.
 68746,140,18615,  151, -17.0, -19.5,      -0.001,       0.000,       0.000,       0.000,       0.002,       0.009,      30.000,      -1.100,       0.000,       0.000,       0.000,       0.000,       0.000,       0.000,       0.000,   -9999.000,       0.000,       0.000,       0.000,     38.63,   -102.17,    -9999.
 68747,141,18587,  150, -17.0, -20.0,       0.004,       0.000,       0.000,       0.000,       0.002,       0.014,      30.000,      -1.100,       0.000,       0.000,       0.000,       0.000,       0.000,       0.000,       0.000,   -9999.000,       0.000,       0.000,       0.000,     38.62,   -102.17,    -9999.
 68748,141,18557,  151, -17.0, -20.7,       0.012,       0.000,       0.000,       0.000,       0.005,       0.014,      20.000,      -1.400,       0.000,       0.000,       0.000,       0.000,       0.000,       0.000,       0.000,   -9999.000,       0.000,       0.000,       0.000,     38.62,   -102.17,    -9999.
 68749,143,18518,  154, -17.0, -21.5,       0.013,       0.000,       0.000,       0.000,       0.004,       0.009,      30.000,      -1.000,       0.000,       0.000,       0.000,       0.000,       0.000,       0.000,       0.000,   -9999.000,       0.000,       0.000,       0.000,     38.62,   -102.17,    -9999.
 68750,142,18485,  158, -16.9, -22.4,       0.009,       0.000,       0.000,       0.000,       0.002,       0.006,      30.000,      -1.900,       0.000,       0.000,       0.000,       0.000,       0.000,       0.000,       0.000,   -9999.000,       0.000,       0.000,       0.000,     38.62,   -102.17,    -9999.
 68751,142,18470,  161, -16.7, -23.0,       0.009,       0.000,       0.000,       0.000,       0.003,       0.007,      30.000,      -1.500,       0.000,       0.000,       0.000,       0.000,       0.000,       0.000,       0.000,   -9999.000,       0.000,       0.000,       0.000,     38.62,   -102.17,    -9999.
 68752,142,18462,  163, -16.5, -23.6,       0.011,       0.000,       0.000,       0.000,       0.003,       0.007,      30.000,      -1.100,       0.000,       0.000,       0.000,       0.000,       0.000,       0.000,       2.000,   -9999.000,       0.000,       0.000,       0.000,     38.62,   -102.17,    -9999.
 68753,141,18476,  164, -16.5, -24.2,       0.010,       0.000,       0.000,       0.000,       0.002,       0.009,      30.000,      -0.700,       0.000,       0.000,       0.000,       0.000,       0.000,       0.000,       0.000,   -9999.000,       0.000,       0.000,       0.000,     38.62,   -102.17,    -9999.
 68754,141,18500,  165, -16.4, -24.9,       0.012,       0.000,       0.000,       0.000,       0.002,       0.010,      30.000,      -0.600,       0.000,       0.000,       0.000,       0.000,       0.000,       0.000,       0.000,   -9999.000,       0.000,       0.000,       0.000,     38.62,   -102.17,    -9999.
 68755,139,18529,  166, -16.4, -25.5,       0.010,       0.000,       0.000,       0.000,       0.002,       0.011,      20.000,      -0.500,       0.000,       0.000,       0.000,       0.000,       0.000,       0.000,       0.000,   -9999.000,       0.000,       2.000,       0.000,     38.61,   -102.17,    -9999.
 68756,139,18567,  165, -16.4, -26.1,       0.010,       0.000,       0.000,       0.000,       0.003,       0.009,      20.000,      -0.500,       0.000,       0.000,       0.000,       0.000,       0.000,       0.000,      11.000,   -9999.000,       0.000,       0.000,       0.000,     38.61,   -102.17,    -9999.
 68757,138,18606,  164, -16.5, -26.9,       0.013,       0.000,       0.000,       0.000,       0.005,       0.011,      20.000,      -0.600,       0.000,       0.000,       0.000,       0.000,       0.000,       0.000,   -9999.000,   -9999.000,       0.000,       0.000,       0.000,     38.61,   -102.17,    -9999.
 68758,137,18642,  163, -16.6, -27.5,       0.011,       0.000,       0.000,       0.000,       0.001,       0.012,      20.000,      -0.400,       0.000,       0.000,       0.000,       0.000,       0.000,       0.000,   -9999.000,   -9999.000,       0.000,       0.000,       0.000,     38.61,   -102.17,    -9999.
 68759,137,18684,  163, -16.8, -28.0,       0.011,       0.000,       0.000,       0.000,       0.002,       0.011,      20.000,      -0.400,       0.000,       0.000,       0.000,       0.000,       0.000,       0.000,   -9999.000,   -9999.000,       0.000,       0.000,       0.000,     38.61,   -102.17,    -9999.
 68760,136,18717,  162, -16.9, -28.6,       0.012,       0.000,       0.000,       0.000,       0.001,       0.012,      20.000,      -0.200,       0.000,       0.000,       0.000,       0.000,       0.000,       0.000,   -9999.000,   -9999.000,       0.000,       0.000,       0.000,     38.61,   -102.17,    -9999.
 68761,136,18746,  162, -17.0, -29.2,       0.012,       0.000,       0.000,       0.000,       0.002,       0.014,      20.000,      -0.500,       0.000,       0.000,       0.000,       0.000,       0.000,       0.000,   -9999.000,   -9999.000,       0.000,       0.000,       0.000,     38.61,   -102.17,    -9999.
 68762,136,18768,  163, -17.0, -29.7,       0.012,       0.000,       0.000,       0.000,       0.003,       0.012,      20.000,      -0.700,       0.000,       0.000,       0.000,       0.000,       0.000,       0.000,   -9999.000,   -9999.000,       0.000,       0.000,       0.000,     38.60,   -102.17,    -9999.
 68763,136,18785,  163, -17.0, -30.3,       0.010,       0.000,       0.000,       0.000,       0.002,       0.009,      20.000,      -1.000,       0.000,       0.000,       0.000,       0.000,       0.000,       0.000,   -9999.000,   -9999.000,       0.000,       0.000,       0.000,     38.60,   -102.17,    -9999.
 68764,136,18791,  163, -17.1, -30.8,       0.012,       0.000,       0.000,       0.000,       0.002,       0.011,      20.000,      -1.300,       0.000,       0.000,       0.000,       0.000,       0.000,       0.000,   -9999.000,   -9999.000,       0.000,       0.000,       0.000,     38.60,   -102.17,    -9999.
 68765,137,18786,  162, -17.1, -31.3,       0.012,       0.000,       0.000,       0.000,       0.004,       0.010,      30.000,      -1.400,       0.000,       0.000,       0.000,       0.000,       0.000,       0.000,   -9999.000,   -9999.000,       0.000,       0.000,       0.000,     38.60,   -102.17,    -9999.
 68766,137,18780,  163, -17.1, -31.8,       0.012,       0.000,       0.000,       0.000,       0.002,       0.009,      20.000,      -1.200,       0.000,       0.000,       0.000,       0.000,       0.000,       0.000,   -9999.000,   -9999.000,       0.000,       0.000,       0.000,     38.60,   -102.17,    -9999.
 68767,138,18778,  162, -17.1, -32.4,       0.012,       0.000,       0.000,       0.000,       0.003,       0.010,      20.000,      -1.500,       0.000,       0.000,       0.000,       0.000,       0.000,       0.000,   -9999.000,   -9999.000,       0.000,       0.000,       0.000,     38.60,   -102.17,    -9999.
 68768,138,18770,  162, -17.1, -32.8,       0.011,       0.000,       0.000,       0.000,       0.003,       0.010,      20.000,      -1.800,       0.000,       0.000,       0.000,       0.000,       0.000,       0.000,   -9999.000,   -9999.000,       0.000,       0.000,       0.000,     38.60,   -102.17,    -9999.
 68769,138,18760,  162, -17.0, -33.3,       0.011,       0.000,       0.000,       0.000,       0.003,       0.009,      30.000,      -1.500,       0.000,       0.000,       0.000,       0.000,       0.000,       0.000,   -9999.000,   -9999.000,       0.000,       0.000,       0.000,     38.60,   -102.17,    -9999.
 68770,138,18753,  162, -17.0, -33.6,       0.009,       0.000,       0.000,       0.000,       0.002,       0.008,      20.000,      -1.500,       0.000,       0.000,       0.000,       0.000,       0.000,       0.000,   -9999.000,   -9999.000,       0.000,       0.000,       0.000,     38.59,   -102.17,    -9999.
 68771,139,18748,  162, -17.0, -34.1,       0.008,       0.000,       0.000,       0.000,      -0.000,       0.009,      30.000,      -1.400,       0.000,       0.000,       0.000,       0.000,       0.000,       0.000,   -9999.000,   -9999.000,       0.000,       0.000,       0.000,     38.59,   -102.17,    -9999.
 68772,140,18746,  163, -17.0, -34.6,       0.009,       0.000,       0.000,       0.000,       0.001,      -0.003,      20.000,      -1.200,       0.000,       0.000,       0.000,       0.000,       0.000,       0.000,   -9999.000,   -9999.000,       0.000,       0.000,       0.000,     38.59,   -102.17,    -9999.
 68773,140,18746,  163, -17.0, -35.0,       0.010,       0.000,       0.000,       0.500,       0.001,      -0.000,      20.000,      -1.000,       9.000,       0.000,      51.000,   19844.000,   21563.000,  139355.000,  154984.000,   -9999.000,      36.000,       3.000,      59.000,     38.59,   -102.17,    -9999.
 68774,142,18748,  163, -17.1, -35.3,       1.622,       1.000,       2.000,       3.000,       1.656,       1.707,      30.000,       0.500,     166.000,     231.000,     344.000,  546672.000,  604446.000,  319101.000,  326206.000,   -9999.000,      58.000,      32.000,     336.000,     38.59,   -102.17,    -9999.
 68775,141,18772,  164, -16.8, -35.8,       0.945,       1.000,       2.000,       2.000,       0.879,       0.939,     100.000,       2.700,     153.000,     306.000,     234.000,  322371.000,  342880.000,  235825.000,  260427.000,   -9999.000,      51.000,      42.000,     204.000,     38.59,   -102.17,    -9999.
 68776,145,18801,  164, -17.7, -35.7,       1.261,       1.000,       1.000,       1.000,       1.409,       1.138,     140.000,       1.600,     169.000,     197.000,     114.000,  120876.000,  128931.000,  136964.000,  140347.000,   -9999.000,      66.000,      45.000,      76.000,     38.59,   -102.17,    -9999.
 68777,148,18818,  164, -18.0, -34.4,       1.638,       1.000,       2.000,       2.000,       1.564,       1.538,     190.000,       0.600,     143.000,     233.000,     206.000,  290060.000,  306186.000,  157482.000,  161036.000,   -9999.000,      40.000,      90.000,      53.000,     38.59,   -102.17,    -9999.
 68778,141,18811,  163, -17.2, -32.8,       0.025,       0.400,       0.500,       0.000,      -0.010,       0.414,     250.000,       1.400,      54.000,      87.000,       3.000,   19883.000,   26471.000,   15782.000,   17263.000,   -9999.000,       8.000,       7.000,       5.000,     38.58,   -102.17,    -9999.
 68779,139,18837,  160, -17.4, -31.0,       0.170,       0.000,       0.600,       0.200,       0.326,       0.344,     310.000,      -0.600,      12.000,      77.000,      18.000,   15812.000,   15443.000,   25448.000,   27802.000,   -9999.000,       4.000,      17.000,      41.000,     38.58,   -102.17,    -9999.
 68780,139,18834,  161, -17.8, -29.7,      -0.010,       0.000,       0.000,       0.000,       0.157,       0.009,     130.000,      -0.600,       0.000,       0.000,       0.000,       0.000,       0.000,       0.000,   -9999.000,   -9999.000,       0.000,       0.000,       0.000,     38.58,   -102.17,    -9999.
 68781,139,18829,  162, -17.6, -28.0,       0.009,       0.000,       0.000,       0.000,       0.010,       0.011,      20.000,      -1.000,       0.000,       0.000,       0.000,       0.000,       0.000,       0.000,   -9999.000,   -9999.000,       0.000,       0.000,       0.000,     38.58,   -102.17,    -9999.
 68782,139,18825,  163, -17.6, -26.3,       0.012,       0.000,       0.000,       0.000,       0.010,       0.018,      20.000,      -0.800,       0.000,       0.000,       0.000,       0.000,       0.000,       0.000,   -9999.000,   -9999.000,       0.000,       0.000,       0.000,     38.58,   -102.17,    -9999.
 68783,139,18823,  165, -17.6, -24.7,       0.011,       0.000,       0.000,       0.000,       0.008,       0.015,      20.000,      -0.700,       0.000,       0.000,       0.000,       0.000,       0.000,       0.000,   -9999.000,   -9999.000,       0.000,       0.000,       0.000,     38.58,   -102.17,    -9999.
 68784,139,18823,  165, -17.6, -23.6,       0.011,       0.000,       0.000,       0.000,       0.008,       0.011,      20.000,      -0.400,       0.000,       0.000,       0.000,       0.000,       0.000,       0.000,   -9999.000,   -9999.000,       0.000,       0.000,       0.000,     38.58,   -102.17,    -9999.
 68785,140,18822,  165, -17.6, -22.0,       0.014,       0.400,       0.200,       0.300,       0.006,       0.012,      20.000,       0.300,      53.000,      20.000,      38.000,   38200.000,   37556.000,  125323.000,  132214.000,   -9999.000,     194.000,      36.000,     129.000,     38.57,   -102.17,    -9999.
