RF02_LES_case/emros4132250/LJRF02_20210601_R1/SPICULE-Page0_Lear35_20210601_R1_L1.ict
59,  1001
Lawson, Paul
SPEC Inc
Page0 on SPEC Lear35
SPICULE 2021
1, 1
2021, 06, 01,   2022,11,7
1
Time_Start, seconds, elapsed time from 00:00:00 UTC
27
1,1,1,1,1,1,1,1,1,1,1,1,1,1,1,1,1,1,1,1,1,1,1,1,1,1,1
-9999,-9999,-9999,-9999,-9999,-9999,-9999,-9999,-9999,-9999,-9999,-9999,-9999,-9999,-9999,-9999,-9999,-9999,-9999,-9999,-9999,-9999,-9999,-9999,-9999,-9999,-9999
TAS,	   (m/s),  Platform True Air Speed	
Palt,      (ft),   Platform_AltitudePressure_InSitu_None, Pressure altitude
Hdg,       (deg),  Platform_HeadingTrue_InSitu_None, Aircraft heading
Temp,      (C),    Met_StaticAirTemperature_InSitu_None, Rosemount temperature
Dew,       (C),    Met_DewPoint_InSitu_None, Dew point temperature
NevLWC,    (g/m3), CldMicro_LWC_InSitu_None_Bulk_AMB, Nevzorov liquid water content
FSSPWC,    (g/m3), CldMicro_TWC_InSitu_Optical_Drop_AMB, FFSSP water content
FCDPHWC,   (g/m3), CldMicro_TWC_InSitu_Optical_Drop_AMB, Hawkeye-FCDP water content
FCDPWC,    (g/m3), CldMicro_TWC_InSitu_Optical_Drop_AMB, FCDP water content
NevTWC,    (g/m3), CldMicro_TWC_InSitu_None_Bulk_AMB, Nevzorov total water content
NevLWC3,   (g/m3), CldMicro_TWC_InSitu_None_Bulk_AMB, Nevzorov 3mm for Large drop water content
Rice,      (dHz),  none, Ice detector frequency 
VaV,       (m/s),  Met_WWindSpeed_InSitu_None, Vertical wind (updraft)
FSSPConc,  (#/cc), CldMicro_NumConc_InSitu_Optical_Drop_AMB, FFSSP concentration
FCDPHConc, (#/cc), CldMicro_NumConc_InSitu_Optical_Drop_AMB, Hawkeye-FCDP concentration
FCDPConc,  (#/cc), CldMicro_NumConc_InSitu_Optical_Drop_AMB, FCDP concentration
2DSHsn10,  (#/L),  CldMicro_NumConc_InSitu_Optical_DroptoPrecip_AMB, SPEC 2D-S SN10 Concentration, H-channel
2DSVsn10,  (#/L),  CldMicro_NumConc_InSitu_Optical_DroptoPrecip_AMB, SPEC 2D-S SN10 Concentration, V-channel  
F2DSH,     (#/L),  CldMicro_NumConc_InSitu_Optical_DroptoPrecip_AMB, Fast 2D-S Concentration, H-channel
F2DSV,     (#/L),  CldMicro_NumConc_InSitu_Optical_DroptoPrecip_AMB, Fast 2D-S Concentration, V-channel
2DS10Hawk, (#/L),  CldMicro_NumConc_InSitu_Optical_DroptoPrecip_AMB, Hawkeye-2DS 10um channel concentration
2DS50Hawk, (#/L),  CldMicro_NumConc_InSitu_Optical_DroptoPrecip_AMB, Hawkeye-2DS 50um channel concentration
HVPS,      (#/m3),  CldMicro_NumConc_InSitu_Optical_Precip_AMB, HVPS concentration
CPI,       (#/s),  none, CPI particles counts per second
Lat,       (deg),  Platform_Latitude_InSitu_None, Latitude
Long,      (deg),  Platform_Longitude_InSitu_None, Longitude
PCASP,     (#/cc), AerMP_NumConc_Insitu_Optical_RHa_AccutoCoarse_AMB, PCASP concentration.
0
18
PI_CONTACT_INFO: Paul Lawson, SPEC Inc, 3022 Sterling Circle, Suite 200, Boulder, CO 80301, plawson@specinc.com
PLATFORM: SPEC Learjet 35
LOCATION: Broomfield, CO; see Lear35 Nav data for lat/long in flight
ASSOCIATED_DATA: See the NCAR database for additional Lear cloud probe data: FCDP, FFSSP, 2D-S, Hawkeye, CPI, HVPS, and similar cloud probe data from NCAR GV
INSTRUMENT_INFO: Various
DATA_INFO: Summary of navigation, state, cloud, and aerosol probe data from Learjet35
UNCERTAINTY:  Please contact PI
ULOD_FLAG:  -7777
ULOD_VALUE: N/A
LLOD_FLAG:  -8888
LLOD_VALUE: N/A
DM_CONTACT_INFO: Sarah Woods, SPEC INC, 3022 Sterling Circle, Suite 200, Boulder, CO 80301, 303-449-1105, swoods@specinc.com
PROJECT_INFO: SPICULE Campaign; June 2021
STIPULATIONS_ON_USE:  Please contact PI or DM for stipulations or assistance interpreting and analyzing data.
OTHER_COMMENTS:  F2DS was not installed for every flight, so some flights will have -9999 for entire flight.
REVISION: R1
R1: Final Data, same as R0 version. However, the NevLWC and NevTWC is replace with Alexei"s corrected values
Time_Start,TAS,Palt,Hdg,Temp,Dew,NevLWC,FSSPWC,FCDPHWC,FCDPWC,NevTWC,NevLWC3,Rice,VaV,FSSPConc,FCDPHConc,FCDPConc,2DSHsn10,2DSVsn10,F2DSH,F2DSV,2DS10Hawk,2DS50Hawk,HVPS,CPI,Lat,Long,PCASP
[from data line 5754]
 67626,155,18692,  309, -16.0, -40.0,      -0.001,       0.000,       0.000,       0.000,       0.001,      -0.000,      20.000,      -1.500,       0.000,       0.000,       0.000,       0.000,       0.000,       0.000,       0.000,   -9999.000,       0.000,       0.000,       0.000,     38.57,   -101.97,    -9999.
 67627,155,18681,  309, -16.0, -40.3,      -0.001,       0.000,       0.000,       0.000,       0.001,       0.003,      30.000,      -1.500,       0.000,       0.000,       0.000,       0.000,       0.000,       0.000,       0.000,   -9999.000,       0.000,       0.000,       0.000,     38.57,   -101.98,    -9999.
 67628,155,18669,  309, -15.9, -40.6,      -0.003,       0.000,       0.000,       0.000,       0.001,      -0.001,      20.000,      -1.500,       0.000,       0.000,       0.000,       0.000,       0.000,       0.000,       0.000,   -9999.000,       0.000,       0.000,       0.000,     38.57,   -101.98,    -9999.
 67629,155,18657,  308, -15.9, -41.0,      -0.002,       0.000,       0.000,       0.000,       0.000,       0.003,      30.000,      -1.400,       0.000,       0.000,       0.000,       0.000,       0.000,       0.000,       0.000,   -9999.000,       0.000,       0.000,       0.000,     38.57,   -101.98,    -9999.
 67630,155,18633,  308, -15.8, -41.3,      -0.002,       0.000,       0.000,       0.000,      -0.000,       0.001,      30.000,      -1.100,       0.000,       0.000,       0.000,       0.000,       0.000,       0.000,       0.000,   -9999.000,       0.000,       0.000,       0.000,     38.57,   -101.98,    -9999.
 67631,155,18608,  308, -15.9, -41.5,      -0.001,       0.000,       0.000,       0.000,       0.002,       0.000,      30.000,      -0.900,       0.000,       0.000,       0.000,       0.000,       0.000,       0.000,       0.000,   -9999.000,       0.000,       0.000,       0.000,     38.57,   -101.98,    -9999.
 67632,156,18589,  308, -15.9, -41.8,      -0.002,       0.000,       0.000,       0.000,       0.003,      -0.000,      30.000,      -0.900,       0.000,       0.000,       0.000,       0.000,       0.000,       0.000,       0.000,   -9999.000,       0.000,       0.000,       0.000,     38.58,   -101.98,    -9999.
 67633,156,18567,  308, -15.8, -42.1,      -0.002,       0.000,       0.000,       0.000,      -0.001,       0.002,      30.000,      -0.800,       0.000,       0.000,       0.000,       0.000,       0.000,       0.000,       0.000,   -9999.000,       0.000,       0.000,       0.000,     38.58,   -101.98,    -9999.
 67634,156,18546,  308, -15.7, -42.5,      -0.003,       0.000,       0.000,       0.000,       0.002,      -0.000,      30.000,      -0.800,       0.000,       0.000,       0.000,       0.000,       0.000,       0.000,       0.000,   -9999.000,       0.000,       0.000,       0.000,     38.58,   -101.98,    -9999.
 67635,156,18528,  308, -15.6, -42.8,      -0.001,       0.000,       0.000,       0.000,       0.001,       0.001,      30.000,      -0.900,       0.000,       0.000,       0.000,       0.000,       0.000,       0.000,       0.000,   -9999.000,       0.000,       0.000,       0.000,     38.58,   -101.98,    -9999.
 67636,156,18511,  307, -15.6, -42.9,      -0.002,       0.000,       0.000,       0.000,       0.001,      -0.001,      30.000,      -1.000,       0.000,       0.000,       0.000,       0.000,       0.000,       0.000,       0.000,   -9999.000,       0.000,       0.000,       0.000,     38.58,   -101.98,    -9999.
 67637,156,18494,  307, -15.6, -43.2,      -0.002,       0.000,       0.000,       0.000,       0.000,       0.002,      30.000,      -1.100,       0.000,       0.000,       0.000,       0.000,       0.000,       0.000,       0.000,   -9999.000,       0.000,       0.000,       0.000,     38.58,   -101.99,    -9999.
 67638,156,18479,  307, -15.5, -43.4,      -0.002,       0.000,       0.000,       0.000,       0.000,       0.004,      30.000,      -1.200,       0.000,       0.000,       0.000,       0.000,       0.000,       0.000,       0.000,   -9999.000,       0.000,       0.000,       0.000,     38.58,   -101.99,    -9999.
 67639,156,18463,  307, -15.5, -43.7,      -0.002,       0.000,       0.000,       0.000,       0.001,       0.000,      30.000,      -1.300,       0.000,       0.000,       0.000,       0.000,       0.000,       0.000,       0.000,   -9999.000,       0.000,       0.000,       0.000,     38.58,   -101.99,    -9999.
 67640,156,18448,  307, -15.5, -44.0,      -0.000,       0.000,       0.000,       0.000,       0.002,      -0.000,      30.000,      -1.400,       0.000,       0.000,       0.000,       0.000,       0.000,       0.000,       0.000,   -9999.000,       0.000,       0.000,       0.000,     38.58,   -101.99,    -9999.
 67641,155,18435,  308, -15.5, -44.1,      -0.001,       0.000,       0.000,       0.000,      -0.001,       0.003,      20.000,      -1.200,       0.000,       0.000,       0.000,       0.000,       0.000,       0.000,       0.000,   -9999.000,       0.000,       0.000,       0.000,     38.59,   -101.99,    -9999.
 67642,155,18418,  309, -15.6, -44.3,       0.000,       0.000,       0.000,       0.000,       0.000,       0.001,      30.000,      -1.200,       0.000,       0.000,       0.000,       0.000,       0.000,       0.000,       0.000,   -9999.000,       0.000,       0.000,       0.000,     38.59,   -101.99,    -9999.
 67643,155,18401,  310, -15.6, -44.6,       0.001,       0.000,       0.000,       0.000,       0.002,       0.006,      30.000,      -1.400,       0.000,       0.000,       0.000,       0.000,       0.000,       0.000,       0.000,   -9999.000,       0.000,       0.000,       0.000,     38.59,   -101.99,    -9999.
 67644,154,18380,  310, -15.6, -44.7,      -0.001,       0.000,       0.000,       0.000,       0.001,       0.003,      30.000,      -2.000,       0.000,       0.000,       0.000,       0.000,       0.000,       0.000,       0.000,   -9999.000,       0.000,       0.000,       0.000,     38.59,   -101.99,    -9999.
 67645,155,18365,  310, -15.6, -45.0,      -0.002,       0.000,       0.000,       0.200,      -0.000,       0.001,      30.000,      -1.400,       7.000,       4.000,      20.000,    9702.000,    9888.000,   80445.000,   81871.000,   -9999.000,      19.000,      11.000,      55.000,     38.59,   -101.99,    -9999.
 67646,153,18361,  310, -15.4, -45.2,       1.495,       0.300,       0.800,       0.600,       1.674,       1.450,      30.000,      -4.900,      48.000,      96.000,      74.000,  268592.000,  271684.000,   37481.000,   36122.000,   -9999.000,      26.000,     335.000,      47.000,     38.59,   -101.99,    -9999.
 67647,153,18363,  310, -16.2, -45.4,      -0.001,       0.000,       0.000,       0.000,       0.103,      -0.007,      60.000,      -3.200,       7.000,       0.000,       0.000,   -9999.000,   -9999.000,   44054.000,   46808.000,   -9999.000,      22.000,       0.000,      37.000,     38.59,   -101.99,    -9999.
 67648,153,18354,  310, -15.5, -44.4,       1.421,       0.800,       0.900,       2.000,       1.669,       1.325,      60.000,      -5.400,     108.000,     102.000,     233.000,  218238.000,  217620.000,  240179.000,  229236.000,   -9999.000,     268.000,    2039.000,     270.000,     38.59,   -102.00,    -9999.
 67649,154,18357,  310, -16.0, -42.9,       1.281,       0.900,       2.000,       2.000,       1.410,       1.375,     120.000,      -1.300,     132.000,     216.000,     234.000,  283638.000,  286011.000,  182123.000,  194492.000,   -9999.000,     231.000,    2632.000,     251.000,     38.59,   -102.00,    -9999.
 67650,153,18340,  310, -16.4, -41.3,       0.008,       0.200,       0.700,       0.200,      -0.010,      -0.010,     170.000,      -5.000,      33.000,      77.000,      22.000,   25707.000,   25781.000,    3038.000,    3389.000,   -9999.000,       3.000,     222.000,       1.000,     38.59,   -102.00,    -9999.
 67651,152,18333,  310, -16.7, -39.5,       0.011,       0.000,       0.000,       0.100,      -0.010,      -0.007,     180.000,      -6.100,      20.000,       2.000,      15.000,    4508.000,    4131.000,   26686.000,   29116.000,   -9999.000,      23.000,      21.000,      32.000,     38.60,   -102.00,    -9999.
 67652,154,18310,  309, -15.5, -37.7,       0.334,       0.000,       0.200,       0.200,       0.275,       0.293,     190.000,      -5.300,      18.000,      39.000,      27.000,   38195.000,   37788.000,   10961.000,   12611.000,   -9999.000,      12.000,      77.000,      13.000,     38.60,   -102.00,    -9999.
 67653,155,18276,  310, -16.7, -35.9,      -0.002,       0.000,       0.000,       0.000,       0.008,      -0.001,     170.000,      -2.000,       0.000,       0.000,       0.000,       0.000,       0.000,       0.000,   -9999.000,   -9999.000,       0.000,       0.000,       0.000,     38.60,   -102.00,    -9999.
 67654,157,18252,  311, -15.8, -34.4,      -0.002,       0.000,       0.000,       0.000,       0.005,       0.000,     100.000,      -2.000,       0.000,       0.000,       0.000,       0.000,       0.000,       0.000,   -9999.000,   -9999.000,       0.000,       0.000,       0.000,     38.60,   -102.00,    -9999.
 67655,156,18218,  311, -15.2, -32.9,      -0.002,       0.000,       0.000,       0.000,       0.004,      -0.003,      20.000,      -2.000,       0.000,       0.000,       0.000,       0.000,       0.000,       0.000,   -9999.000,   -9999.000,       0.000,       0.000,       0.000,     38.60,   -102.00,    -9999.
 67656,156,18186,  315, -15.0, -31.4,      -0.001,       0.000,       0.000,       0.000,       0.003,      -0.001,      20.000,      -2.200,       0.000,       0.000,       0.000,       0.000,       0.000,       0.000,   -9999.000,   -9999.000,       0.000,       0.000,       0.000,     38.60,   -102.00,    -9999.
 67657,156,18158,  318, -15.0, -29.8,       0.001,       0.000,       0.000,       0.000,       0.003,       0.000,      20.000,      -2.200,       0.000,       0.000,       0.000,       0.000,       0.000,       0.000,   -9999.000,   -9999.000,       0.000,       0.000,       0.000,     38.60,   -102.00,    -9999.
 67658,156,18137,  318, -15.1, -28.1,       0.002,       0.000,       0.000,       0.000,       0.004,       0.000,      20.000,      -2.300,       0.000,       0.000,       0.000,       0.000,       0.000,       0.000,   -9999.000,   -9999.000,       0.000,       0.000,       0.000,     38.60,   -102.01,    -9999.
 67659,155,18118,  317, -15.2, -26.5,       0.002,       0.000,       0.000,       0.000,       0.002,      -0.001,      20.000,      -2.500,       0.000,       0.000,       0.000,       0.000,       0.000,       0.000,   -9999.000,   -9999.000,       0.000,       0.000,       0.000,     38.60,   -102.01,    -9999.
 67660,154,18096,  315, -15.2, -25.1,       0.002,       0.000,       0.000,       0.000,       0.002,      -0.002,      10.000,      -2.600,       0.000,       0.000,       0.000,       0.000,       0.000,       0.000,   -9999.000,   -9999.000,       0.000,       0.000,       0.000,     38.60,   -102.01,    -9999.
 67661,154,18079,  313, -15.2, -23.2,       0.001,       0.000,       0.000,       0.000,      -0.000,      -0.003,      10.000,      -2.700,       0.000,       0.000,       0.000,       0.000,       0.000,       0.000,   -9999.000,   -9999.000,       0.000,       0.000,       0.000,     38.61,   -102.01,    -9999.
 67662,154,18063,  311, -15.2, -21.8,       0.002,       0.000,       0.000,       0.000,       0.001,      -0.001,      20.000,      -2.700,       0.000,       0.000,       0.000,       0.000,       0.000,       0.000,   -9999.000,   -9999.000,       0.000,       0.000,       0.000,     38.61,   -102.01,    -9999.
 67663,153,18050,  307, -15.2, -20.3,       0.003,       0.000,       0.000,       0.000,      -0.000,      -0.002,      20.000,      -2.600,       0.000,       0.000,       0.000,       0.000,       0.000,       0.000,   -9999.000,   -9999.000,       0.000,       0.000,       0.000,     38.61,   -102.01,    -9999.
 67664,153,18033,  303, -15.2, -19.7,       0.003,       0.000,       0.000,       0.000,       0.000,      -0.001,      30.000,      -2.600,       0.000,       0.000,       0.000,       0.000,       0.000,       0.000,   -9999.000,   -9999.000,       0.000,       0.000,       0.000,     38.61,   -102.01,    -9999.
 67665,152,18016,  294, -15.2, -20.0,       0.002,       0.000,       0.000,       0.000,       0.001,       0.000,      20.000,      -2.500,       0.000,       0.000,       0.000,       0.000,       0.000,       0.000,   -9999.000,   -9999.000,       0.000,       0.000,       0.000,     38.61,   -102.01,    -9999.
 67666,152,18002,  286, -15.2, -20.6,       0.002,       0.000,       0.000,       0.000,       0.001,      -0.001,      20.000,      -2.500,       0.000,       0.000,       0.000,       0.000,       0.000,       0.000,   -9999.000,   -9999.000,       0.000,       0.000,       0.000,     38.61,   -102.02,    -9999.
 67667,152,17987,  277, -15.2, -21.4,       0.001,       0.000,       0.000,       0.000,       0.002,      -0.002,      30.000,      -2.300,       0.000,       0.000,       0.000,       0.000,       0.000,       0.000,   -9999.000,   -9999.000,       0.000,       0.000,       0.000,     38.61,   -102.02,    -9999.
 67668,151,17979,  270, -15.1, -21.9,       0.001,       0.000,       0.000,       0.000,      -0.000,      -0.001,      20.000,      -2.300,       0.000,       0.000,       0.000,       0.000,       0.000,       0.000,   -9999.000,   -9999.000,       0.000,       0.000,       0.000,     38.61,   -102.02,    -9999.
 67669,151,17972,  263, -15.1, -22.7,       0.002,       0.000,       0.000,       0.000,      -0.000,      -0.001,      20.000,      -2.000,       0.000,       0.000,       0.000,       0.000,       0.000,       0.000,       0.000,   -9999.000,       0.000,       0.000,       0.000,     38.61,   -102.02,    -9999.
 67670,150,17975,  256, -15.1, -23.2,       0.001,       0.000,       0.000,       0.000,      -0.001,       0.000,      20.000,      -1.900,       0.000,       0.000,       0.000,       0.000,       0.000,       0.000,   -9999.000,   -9999.000,       0.000,       0.000,       0.000,     38.61,   -102.02,    -9999.
 67671,150,17977,  250, -15.1, -23.7,       0.001,       0.000,       0.000,       0.000,      -0.001,      -0.002,      30.000,      -1.700,       0.000,       0.000,       0.000,       0.000,       0.000,       0.000,   -9999.000,   -9999.000,       0.000,       0.000,       0.000,     38.61,   -102.02,    -9999.
 67672,149,17981,  243, -15.1, -24.4,       0.001,       0.000,       0.000,       0.000,       0.000,      -0.001,      30.000,      -1.500,       0.000,       0.000,       0.000,       0.000,       0.000,       0.000,       0.000,   -9999.000,       0.000,       0.000,       0.000,     38.61,   -102.03,    -9999.
 67673,149,17986,  237, -15.1, -25.1,       0.000,       0.000,       0.000,       0.000,      -0.000,      -0.001,      30.000,      -1.400,       0.000,       0.000,       0.000,       0.000,       0.000,       0.000,   -9999.000,   -9999.000,       0.000,       0.000,       0.000,     38.61,   -102.03,    -9999.
 67674,148,17989,  231, -15.1, -25.6,      -0.001,       0.000,       0.000,       0.000,      -0.002,      -0.001,      30.000,      -1.400,       0.000,       0.000,       0.000,       0.000,       0.000,       0.000,   -9999.000,   -9999.000,       0.000,       0.000,       0.000,     38.61,   -102.03,    -9999.
 67675,148,17994,  226, -15.2, -26.3,       0.002,       0.000,       0.000,       0.000,      -0.001,       0.001,      30.000,      -1.100,       0.000,       0.000,       0.000,       0.000,       0.000,       0.000,   -9999.000,   -9999.000,       0.000,       0.000,       0.000,     38.61,   -102.03,    -9999.
