Time,Altitude,Latitude,Longitude,VerticalWind,Temperature,LWC
2021-06-01 06:37:13,2346.75756835938,38.5827407836914,-102.029289245605,-0.488497495651245,7.17600154876709,0
2021-06-01 06:37:14,2350.41235351562,38.5839233398438,-102.029754638672,0.176894992589951,7.1435980796814,0
2021-06-01 06:37:15,2355.205078125,38.5851593017578,-102.03018951416,0.709190309047699,7.12723636627197,2.43817481759834e-07
2021-06-01 06:37:16,2361.12109375,38.5863647460938,-102.030555725098,0.51087498664856,7.10591983795166,2.42987994170107e-07
2021-06-01 06:37:17,2367.9658203125,38.5876235961914,-102.030906677246,0.791370630264282,7.10251092910767,0
2021-06-01 06:37:18,2375.01879882812,38.5888481140137,-102.031204223633,0.719207406044006,7.04015398025513,0
2021-06-01 06:37:19,2381.55004882812,38.5900955200195,-102.03150177002,0.751920580863953,6.93076038360596,1.78948412212776e-05
2021-06-01 06:37:20,2387.30639648438,38.5913162231445,-102.031784057617,0.810812413692474,6.75610876083374,2.41139105128241e-07
2021-06-01 06:37:21,2392.3525390625,38.592586517334,-102.032035827637,1.19730377197266,6.78376579284668,0.17828306555748
2021-06-01 06:37:22,2396.91918945312,38.5938110351562,-102.032287597656,2.33625316619873,6.96211576461792,0.416435152292252
2021-06-01 06:37:23,2401.455078125,38.5950736999512,-102.032493591309,0.959879457950592,6.93498516082764,0.409439086914062
2021-06-01 06:37:24,2405.97265625,38.596305847168,-102.032669067383,1.8002678155899,7.02872514724731,0.366465926170349
2021-06-01 06:37:25,2410.91015625,38.5975799560547,-102.032821655273,1.94633662700653,7.03547430038452,0.385260075330734
2021-06-01 06:37:26,2416.00390625,38.5988159179688,-102.032943725586,1.78149402141571,7.04768180847168,0.330734938383102
2021-06-01 06:37:27,2421.3681640625,38.6000785827637,-102.033103942871,2.24463891983032,7.07597637176514,0.485546946525574
2021-06-01 06:37:28,2427.00024414062,38.6013107299805,-102.033172607422,2.7427077293396,6.9135103225708,0.455740749835968
2021-06-01 06:37:29,2433.01489257812,38.602596282959,-102.033294677734,3.24978399276733,6.92945861816406,0.462531089782715
2021-06-01 06:37:30,2439.39477539062,38.6038360595703,-102.033332824707,4.35664319992065,6.79879236221313,0.459030032157898
2021-06-01 06:37:31,2445.90307617188,38.6051063537598,-102.033462524414,4.4400897026062,6.82292890548706,0.504673302173615
2021-06-01 06:37:32,2452.02294921875,38.6063575744629,-102.033462524414,4.33184289932251,6.75390577316284,0.495315372943878
2021-06-01 06:37:33,2457.45532226562,38.6076393127441,-102.033401489258,2.97346067428589,6.69599533081055,0.494449436664581
2021-06-01 06:37:34,2461.4814453125,38.6088905334473,-102.033294677734,2.68781900405884,6.70845174789429,0.472738802433014
2021-06-01 06:37:35,2464.416015625,38.610164642334,-102.033164978027,3.20881175994873,6.57446479797363,0.490855067968369
2021-06-01 06:37:36,2466.8203125,38.6114120483398,-102.032997131348,3.35625219345093,6.34363603591919,0.402786940336227
2021-06-01 06:37:37,2469.32543945312,38.6126823425293,-102.03271484375,2.93134617805481,6.42371988296509,0.36377489566803
2021-06-01 06:37:38,2471.98852539062,38.6139106750488,-102.032417297363,1.99677073955536,6.45545530319214,0.31117907166481
2021-06-01 06:37:39,2474.18920898438,38.6151733398438,-102.03205871582,0.524610280990601,6.41007232666016,0.207374408841133
2021-06-01 06:37:40,2475.16357421875,38.6163673400879,-102.031639099121,0.207224324345589,6.3006443977356,0.179752066731453
2021-06-01 06:37:41,2474.7275390625,38.617603302002,-102.031196594238,-1.70165646076202,6.30113410949707,0.0825067907571793
2021-06-01 06:37:42,2473.14379882812,38.6187705993652,-102.030685424805,0.0587377920746803,6.43135166168213,0.0342757105827332
2021-06-01 06:37:43,2471.74438476562,38.6199760437012,-102.030120849609,0.960814297199249,6.45204162597656,0.11528043448925
2021-06-01 06:37:44,2470.29174804688,38.6211318969727,-102.029502868652,0.50792533159256,6.31979656219482,0.103215985000134
2021-06-01 06:37:45,2469.10180664062,38.6222801208496,-102.028846740723,-0.111761696636677,6.0205249786377,0.0294989347457886
2021-06-01 06:37:46,2468.86181640625,38.6234169006348,-102.028121948242,-0.439409643411636,6.03240585327148,1.22420151456026e-05
2021-06-01 06:37:47,2469.97436523438,38.62451171875,-102.02734375,0.822511911392212,5.99514579772949,0.0206637233495712
2021-06-01 06:37:48,2472.537109375,38.6255683898926,-102.026565551758,1.12713694572449,6.09046792984009,0.0348850972950459
2021-06-01 06:37:49,2475.32202148438,38.6266593933105,-102.025741577148,-0.995421350002289,6.08831453323364,0.0348734743893147
2021-06-01 06:37:50,2477.3466796875,38.6277198791504,-102.024917602539,1.01730620861053,6.45586061477661,0.00764591386541724
2021-06-01 06:37:51,2479.00415039062,38.6288032531738,-102.024085998535,0.264810085296631,6.55789422988892,1.42325131946563e-06
2021-06-01 06:37:52,2480.03540039062,38.6298599243164,-102.023239135742,-0.204430818557739,6.59786653518677,0
2021-06-01 06:37:53,2480.71533203125,38.6309509277344,-102.022392272949,-0.458260118961334,6.45884943008423,0
2021-06-01 06:37:54,2480.97802734375,38.6320114135742,-102.021545410156,-0.243487790226936,6.34132289886475,3.05967914755456e-05
2021-06-01 06:37:55,2480.9404296875,38.6330947875977,-102.02067565918,-0.117389537394047,6.15947294235229,1.42586725360161e-06
2021-06-01 06:37:56,2480.7109375,38.6341247558594,-102.019821166992,-0.161991804838181,6.08083200454712,0.0153313120827079
2021-06-01 06:37:57,2480.46313476562,38.6351547241211,-102.018928527832,-0.582964777946472,5.99170398712158,1.42568899264006e-06
2021-06-01 06:37:58,2480.13330078125,38.6362113952637,-102.018051147461,-1.08510637283325,6.08414793014526,0
2021-06-01 06:37:59,2479.6123046875,38.6372680664062,-102.017143249512,-0.851655721664429,6.25336790084839,2.60607112068101e-06
2021-06-01 06:38:00,2479.11596679688,38.6382713317871,-102.016242980957,-0.545195758342743,6.26276540756226,0
2021-06-01 06:38:01,2478.75463867188,38.6393280029297,-102.015342712402,-0.715489983558655,6.25222682952881,1.41704890666006e-06
2021-06-01 06:38:02,2478.86108398438,38.6403312683105,-102.014434814453,-0.145698249340057,6.29081726074219,0
2021-06-01 06:38:03,2479.5283203125,38.6413726806641,-102.013496398926,-0.178022727370262,6.34837007522583,6.65903826302383e-07
2021-06-01 06:38:04,2480.34399414062,38.642391204834,-102.012580871582,-0.607503175735474,6.33067464828491,3.82344078388996e-05
2021-06-01 06:38:05,2480.90893554688,38.6434059143066,-102.011650085449,-0.60533732175827,6.24773025512695,1.65771712090645e-06
2021-06-01 06:38:06,2481.1494140625,38.6444396972656,-102.010726928711,-0.556238174438477,6.15202617645264,1.89507909453823e-06
2021-06-01 06:38:07,2481.13842773438,38.6454544067383,-102.009803771973,-0.283235222101212,6.15165376663208,0
2021-06-01 06:38:08,2481.20849609375,38.6464576721191,-102.008888244629,0.252564251422882,6.2128472328186,0
2021-06-01 06:38:09,2481.3935546875,38.6474990844727,-102.007942199707,-0.0169536359608173,6.26907253265381,0
2021-06-01 06:38:10,2481.69189453125,38.6484909057617,-102.007026672363,0.22382852435112,6.33617353439331,1.66026984516066e-06
2021-06-01 06:38:11,2482.12915039062,38.6495056152344,-102.00609588623,0.0776146054267883,6.38040447235107,0
2021-06-01 06:38:12,2482.37060546875,38.6505126953125,-102.005172729492,-0.229332163929939,6.41966962814331,0
2021-06-01 06:38:13,2482.4375,38.6515426635742,-102.00422668457,-0.317581325769424,6.43797206878662,2.43864889171164e-07
2021-06-01 06:38:14,2482.25439453125,38.6525192260742,-102.003326416016,-0.352675974369049,6.46534061431885,0
2021-06-01 06:38:15,2481.8876953125,38.6535491943359,-102.002372741699,-0.1882683634758,6.54835605621338,0
2021-06-01 06:38:16,2481.39599609375,38.654541015625,-102.001457214355,-0.955786168575287,6.48812770843506,1.42823341775511e-06
2021-06-01 06:38:17,2480.6513671875,38.6555671691895,-102.000534057617,-1.00121593475342,6.43629837036133,2.45329033532471e-07
2021-06-01 06:38:18,2479.92114257812,38.6565589904785,-101.999588012695,-0.690603137016296,6.31765556335449,0.0216182749718428
2021-06-01 06:38:19,2479.302734375,38.6575622558594,-101.998657226562,-0.522174298763275,6.23614645004272,0.0343085192143917
2021-06-01 06:38:20,2479.02978515625,38.6585426330566,-101.99772644043,-0.761752903461456,6.23162412643433,0.0028717452660203
2021-06-01 06:38:21,2478.91528320312,38.6595573425293,-101.996788024902,-1.05077767372131,6.21229362487793,0.00279337260872126
2021-06-01 06:38:22,2478.90014648438,38.6605491638184,-101.995864868164,-0.978972911834717,6.14195394515991,2.46545539539511e-07
2021-06-01 06:38:23,2479.10815429688,38.6615600585938,-101.994926452637,-0.900434970855713,6.12533569335938,0.00258557754568756
2021-06-01 06:38:24,2479.41796875,38.6625556945801,-101.994003295898,-0.367739945650101,6.1471996307373,2.46462974473616e-07
2021-06-01 06:38:25,2480.076171875,38.6635665893555,-101.993057250977,-0.0470005683600903,6.21332502365112,2.08738947549136e-05
2021-06-01 06:38:26,2480.8544921875,38.66455078125,-101.992141723633,-0.417734086513519,6.17765378952026,0
2021-06-01 06:38:27,2481.72338867188,38.6655769348145,-101.991203308105,0.0795984268188477,6.21559762954712,4.00744465878233e-05
2021-06-01 06:38:28,2482.71264648438,38.6665687561035,-101.990280151367,-0.432894200086594,6.25199604034424,0
2021-06-01 06:38:29,2483.4150390625,38.6675987243652,-101.98934173584,-0.654344260692596,6.22204732894897,6.72382384436787e-07
2021-06-01 06:38:30,2483.685546875,38.6685752868652,-101.988418579102,-1.23261880874634,6.26298570632935,0
2021-06-01 06:38:31,2483.38940429688,38.6695899963379,-101.987487792969,-1.75088536739349,6.33959436416626,9.21987236779387e-07
2021-06-01 06:38:32,2482.50952148438,38.670597076416,-101.986557006836,-1.23068296909332,6.42814445495605,1.43565353027952e-06
2021-06-01 06:38:33,2481.64868164062,38.6716346740723,-101.985618591309,-0.980182290077209,6.27971267700195,2.45265312059928e-07
2021-06-01 06:38:34,2481.06787109375,38.6726188659668,-101.984710693359,-0.938716471195221,6.12796688079834,6.66939231450669e-05
2021-06-01 06:38:35,2480.75805664062,38.6736335754395,-101.983757019043,-1.61300575733185,6.05578088760376,6.9153907134023e-06
2021-06-01 06:38:36,2480.37280273438,38.6746368408203,-101.982818603516,-0.731263756752014,6.20030832290649,0.0172918345779181
2021-06-01 06:38:37,2479.98071289062,38.6756362915039,-101.981834411621,-0.817588567733765,6.37709999084473,0.0974972024559975
2021-06-01 06:38:38,2479.44116210938,38.6766052246094,-101.980865478516,-1.19673442840576,6.34348011016846,0.172648817300797
2021-06-01 06:38:39,2478.4716796875,38.6775817871094,-101.979804992676,-1.47534537315369,6.38962936401367,0.0516004823148251
2021-06-01 06:38:40,2477.24853515625,38.6784934997559,-101.97875213623,-0.472902417182922,6.41475248336792,0.021308733150363
2021-06-01 06:38:41,2476.22314453125,38.6794281005859,-101.977661132812,-0.597884356975555,6.19409036636353,0.144908592104912
2021-06-01 06:38:42,2475.86181640625,38.680290222168,-101.976547241211,-0.444587975740433,6.10813188552856,0.161927670240402
2021-06-01 06:38:43,2476.15771484375,38.68115234375,-101.97534942627,-0.67070072889328,6.13388681411743,0.279665678739548
2021-06-01 06:38:44,2477.03051757812,38.6819381713867,-101.974128723145,-1.56644868850708,6.12968063354492,0.0898542553186417
2021-06-01 06:38:45,2477.73803710938,38.6827278137207,-101.972862243652,-0.580229520797729,6.1799464225769,0.0142404157668352
2021-06-01 06:38:46,2478.68823242188,38.6834335327148,-101.971572875977,-0.689488053321838,6.07566356658936,0.0141697265207767
2021-06-01 06:38:47,2479.65161132812,38.6841621398926,-101.97021484375,-0.772393643856049,6.11036491394043,0.0193492062389851
2021-06-01 06:38:48,2480.64990234375,38.684814453125,-101.968864440918,-0.833264827728271,6.19812297821045,0.0123831108212471
2021-06-01 06:38:49,2481.451171875,38.6854438781738,-101.967468261719,-0.662688612937927,6.02605581283569,0.0069743450731039
2021-06-01 06:38:50,2481.93872070312,38.6860313415527,-101.966049194336,-0.530056774616241,5.98154735565186,0.0091329300776124
2021-06-01 06:38:51,2482.25927734375,38.6865997314453,-101.964576721191,-1.1087749004364,5.99942398071289,2.46067145326379e-07
2021-06-01 06:38:52,2482.34350585938,38.6870994567871,-101.963111877441,-0.459336429834366,6.06801843643188,0
2021-06-01 06:38:53,2482.3330078125,38.6875762939453,-101.961601257324,-0.580237805843353,6.10384511947632,2.10592543226085e-06
2021-06-01 06:38:54,2482.27270507812,38.6880111694336,-101.960083007812,-0.369075655937195,6.05476379394531,0
2021-06-01 06:38:55,2482.28271484375,38.6884002685547,-101.958526611328,-0.0643041282892227,6.06350135803223,1.43789873163769e-06
2021-06-01 06:38:56,2482.21606445312,38.6887359619141,-101.956977844238,0.0183598268777132,6.02084255218506,2.45907159523995e-07
2021-06-01 06:38:57,2482.06201171875,38.6890602111816,-101.955375671387,-0.351126909255981,5.93761014938354,0.00018626319069881
2021-06-01 06:38:58,2481.6455078125,38.6893196105957,-101.95378112793,-0.55910336971283,5.91679716110229,1.42461249197368e-06
2021-06-01 06:38:59,2481.087890625,38.6895446777344,-101.952163696289,-0.507730424404144,5.78221988677979,0.00184525665827096
2021-06-01 06:39:00,2480.6533203125,38.6897277832031,-101.950561523438,-0.26950216293335,5.7218074798584,0.0089090196415782
2021-06-01 06:39:01,2480.63940429688,38.689884185791,-101.94889831543,0.0513248853385448,5.71449184417725,0.00677871378138661
2021-06-01 06:39:02,2480.76879882812,38.6899032592773,-101.947273254395,-0.836613118648529,5.76976251602173,0.00326381716877222
2021-06-01 06:39:03,2480.54443359375,38.6900672912598,-101.94563293457,-0.678193688392639,5.81316995620728,1.16436149255605e-05
2021-06-01 06:39:04,2480.11791992188,38.690071105957,-101.944000244141,-0.793274998664856,5.80991983413696,9.05433898878982e-06
2021-06-01 06:39:05,2479.451171875,38.6899147033691,-101.942344665527,-0.990836143493652,6.02945041656494,0
2021-06-01 06:39:06,2478.72241210938,38.6898956298828,-101.940734863281,-1.47156870365143,6.10154247283936,0
2021-06-01 06:39:07,2477.96948242188,38.6897315979004,-101.939071655273,-0.614478230476379,6.08435535430908,5.13533086632378e-06
2021-06-01 06:39:08,2477.7568359375,38.6895790100098,-101.937477111816,-0.0933952331542969,6.15341091156006,2.41148086388421e-07
2021-06-01 06:39:09,2478.09545898438,38.6893272399902,-101.935852050781,-0.460129976272583,6.32254314422607,0
2021-06-01 06:39:10,2478.77099609375,38.689079284668,-101.934265136719,0.00090272503439337,6.38333368301392,0
2021-06-01 06:39:11,2479.62084960938,38.6887474060059,-101.932670593262,-0.0302355252206326,6.26123476028442,1.4143263342703e-06
2021-06-01 06:39:12,2480.16943359375,38.6883926391602,-101.931121826172,-0.54489541053772,6.1171875,6.64345748191408e-07
2021-06-01 06:39:13,2480.44677734375,38.6880073547363,-101.929557800293,-0.121300108730793,6.0525803565979,0
2021-06-01 06:39:14,2480.66088867188,38.6875762939453,-101.928047180176,-0.0566641427576542,6.02672863006592,0
2021-06-01 06:39:15,2480.75,38.6870880126953,-101.926513671875,-0.188284754753113,5.93673086166382,2.57883289123129e-06
2021-06-01 06:39:16,2480.81103515625,38.6865730285645,-101.925048828125,-0.166864603757858,5.90505075454712,2.07763582693588e-06
2021-06-01 06:39:17,2480.76196289062,38.6860008239746,-101.923583984375,-0.817382335662842,5.86236333847046,2.57124020208721e-06
2021-06-01 06:39:18,2480.513671875,38.6854095458984,-101.922172546387,-0.0439457520842552,5.86249208450317,0
2021-06-01 06:39:19,2480.23876953125,38.6847686767578,-101.920722961426,-0.137810885906219,6.01339054107666,1.41002965392545e-06
2021-06-01 06:39:20,2479.81103515625,38.6841125488281,-101.919372558594,0.100449524819851,6.18845701217651,2.43005956690467e-07
2021-06-01 06:39:21,2479.47875976562,38.6833953857422,-101.917999267578,0.932492911815643,6.17017936706543,1.6643693925289e-06
2021-06-01 06:39:22,2479.10815429688,38.6826477050781,-101.916694641113,0.470761060714722,6.0770435333252,6.5915128288907e-06
2021-06-01 06:39:23,2478.67309570312,38.6818389892578,-101.915405273438,0.0180737189948559,5.96985054016113,1.4276571391747e-06
2021-06-01 06:39:24,2478.267578125,38.681037902832,-101.914184570312,-0.301386833190918,5.92867136001587,1.43112265504897e-06
2021-06-01 06:39:25,2477.69653320312,38.68017578125,-101.912963867188,-0.00730560394003987,5.97400093078613,0
2021-06-01 06:39:26,2477.12744140625,38.6793212890625,-101.911804199219,0.0258137714117765,5.99540376663208,3.4752029023366e-05
2021-06-01 06:39:27,2476.68334960938,38.6783981323242,-101.910652160645,-0.613434553146362,5.95885467529297,4.91840182803571e-07
2021-06-01 06:39:28,2476.45361328125,38.6774559020996,-101.909561157227,0.136844038963318,5.99750375747681,2.45180217461893e-07
2021-06-01 06:39:29,2476.61206054688,38.6764831542969,-101.908546447754,-0.847747206687927,6.09992122650146,2.44230676571533e-07
2021-06-01 06:39:30,2476.94458007812,38.6754913330078,-101.907554626465,0.271911889314651,5.93689727783203,0.170303329825401
2021-06-01 06:39:31,2478.07153320312,38.6744346618652,-101.906608581543,0.941706836223602,6.00059223175049,0.301190376281738
2021-06-01 06:39:32,2479.591796875,38.6733779907227,-101.905746459961,1.63298261165619,6.03531551361084,0.306945204734802
2021-06-01 06:39:33,2481.22583007812,38.672290802002,-101.904884338379,1.79402351379395,5.95619010925293,0.252188324928284
2021-06-01 06:39:34,2482.53564453125,38.6712265014648,-101.904090881348,0.999554395675659,5.79144477844238,0.230366766452789
2021-06-01 06:39:35,2483.0576171875,38.6700973510742,-101.903358459473,0.994078278541565,5.8878002166748,0.258472889661789
2021-06-01 06:39:36,2482.810546875,38.6689796447754,-101.902656555176,-0.122293949127197,5.88153409957886,0.109855070710182
2021-06-01 06:39:37,2481.40014648438,38.6678123474121,-101.901977539062,-2.3825089931488,5.80131530761719,0.0533233359456062
2021-06-01 06:39:38,2478.97192382812,38.6666564941406,-101.901374816895,-1.61990702152252,5.91116762161255,0.0335352532565594
2021-06-01 06:39:39,2476.1767578125,38.6654624938965,-101.900825500488,-1.01525926589966,6.07504415512085,2.83961753666517e-06
2021-06-01 06:39:40,2473.56274414062,38.6642799377441,-101.900329589844,-1.00053775310516,6.32870292663574,0.0268297847360373
2021-06-01 06:39:41,2471.8544921875,38.6630592346191,-101.899894714355,-0.297024935483932,6.34358406066895,0.129807889461517
2021-06-01 06:39:42,2470.8876953125,38.6618614196777,-101.899528503418,-0.952826797962189,6.06931304931641,0.0545365065336227
2021-06-01 06:39:43,2470.576171875,38.6606292724609,-101.89917755127,1.81571877002716,6.13706541061401,0.246744766831398
2021-06-01 06:39:44,2472.078125,38.6594085693359,-101.898941040039,2.8765697479248,5.99482727050781,0.367376536130905
2021-06-01 06:39:45,2474.78588867188,38.6581535339355,-101.898742675781,2.90201497077942,6.01507091522217,0.368985444307327
2021-06-01 06:39:46,2478.56811523438,38.656909942627,-101.898620605469,3.67027449607849,6.00199127197266,0.351542592048645
2021-06-01 06:39:47,2482.82836914062,38.6556625366211,-101.898536682129,3.55524611473083,6.0170841217041,0.357798099517822
2021-06-01 06:39:48,2486.33203125,38.6544303894043,-101.898536682129,1.82037329673767,6.10724353790283,0.366018801927567
2021-06-01 06:39:49,2488.24243164062,38.6531753540039,-101.898544311523,2.03171157836914,6.1261100769043,0.346066564321518
2021-06-01 06:39:50,2488.3681640625,38.6519317626953,-101.898712158203,1.95851361751556,6.04552125930786,0.362511515617371
2021-06-01 06:39:51,2486.89892578125,38.6506881713867,-101.898811340332,1.83210468292236,6.08501577377319,0.351050347089767
2021-06-01 06:39:52,2484.46875,38.6494598388672,-101.898986816406,1.71980106830597,5.8604154586792,0.236135914921761
2021-06-01 06:39:53,2481.54956054688,38.6482162475586,-101.899215698242,0.675383508205414,5.98820924758911,0.0856097191572189
2021-06-01 06:39:54,2478.77905273438,38.6470069885254,-101.899490356445,0.823501646518707,6.11428499221802,0.236491739749908
2021-06-01 06:39:55,2476.05688476562,38.6457672119141,-101.899841308594,-1.04425740242004,5.93808507919312,0.152154728770256
2021-06-01 06:39:56,2473.00952148438,38.6445770263672,-101.900230407715,-0.882349967956543,5.90105152130127,0.00123154104221612
2021-06-01 06:39:57,2470.42944335938,38.6433639526367,-101.900703430176,-1.08239257335663,5.92951202392578,0.017423102632165
2021-06-01 06:39:58,2468.4482421875,38.6421890258789,-101.901214599609,-0.523419439792633,5.94508409500122,4.76672585136839e-06
2021-06-01 06:39:59,2467.54077148438,38.6410179138184,-101.901779174805,0.0186206679791212,6.0127100944519,0
2021-06-01 06:40:00,2467.6806640625,38.6399040222168,-101.902420043945,0.128954946994781,5.94616365432739,6.93918036631658e-06
2021-06-01 06:40:01,2468.83740234375,38.6387367248535,-101.903099060059,0.0926695019006729,5.91244745254517,2.7774331101682e-06
2021-06-01 06:40:02,2470.62231445312,38.6376724243164,-101.903861999512,0.0620348006486893,5.95584058761597,4.76992909170804e-06
2021-06-01 06:40:03,2472.47509765625,38.6365852355957,-101.904670715332,-0.168192222714424,5.78135538101196,1.43057832246996e-06
2021-06-01 06:40:04,2473.9677734375,38.6355209350586,-101.905479431152,-0.317365616559982,5.84273433685303,0.263549655675888
2021-06-01 06:40:05,2475.02221679688,38.6344795227051,-101.906387329102,-1.64105105400085,6.15964841842651,0.0196677651256323
2021-06-01 06:40:06,2475.08471679688,38.633472442627,-101.90731048584,-1.0610933303833,6.13951396942139,1.39951107485103e-05
2021-06-01 06:40:07,2474.73120117188,38.6324844360352,-101.908294677734,-1.21090316772461,6.17704010009766,0.011263937689364
2021-06-01 06:40:08,2474.07275390625,38.6315307617188,-101.909317016602,-0.842852056026459,6.1924524307251,0.149629086256027
2021-06-01 06:40:09,2473.859375,38.6306076049805,-101.91039276123,2.07974576950073,6.09343814849854,0.221088841557503
2021-06-01 06:40:10,2475.06713867188,38.629711151123,-101.911491394043,0.490186452865601,5.79072666168213,0.172146335244179
2021-06-01 06:40:11,2476.4892578125,38.628849029541,-101.912673950195,-1.53300166130066,6.09452438354492,0.0409902632236481
2021-06-01 06:40:12,2477.54516601562,38.628044128418,-101.913871765137,-1.71633017063141,6.01101064682007,0.0201775450259447
2021-06-01 06:40:13,2477.98291015625,38.6272621154785,-101.915115356445,-1.56650936603546,6.1155834197998,0
2021-06-01 06:40:14,2477.318359375,38.6264991760254,-101.916381835938,-1.50525486469269,6.29125213623047,0.00414469093084335
2021-06-01 06:40:15,2476.05981445312,38.6257743835449,-101.917701721191,-0.721239447593689,6.23320817947388,0.0447547398507595
2021-06-01 06:40:16,2474.95190429688,38.6250877380371,-101.919021606445,-0.563865303993225,6.34226608276367,4.07784273193101e-06
2021-06-01 06:40:17,2474.47924804688,38.6244354248047,-101.920417785645,-0.332416325807571,6.26866912841797,2.46757508648443e-07
2021-06-01 06:40:18,2474.53491210938,38.6238479614258,-101.921775817871,-0.850687682628632,6.18638944625854,9.05741399037652e-05
2021-06-01 06:40:19,2474.818359375,38.6232490539551,-101.923217773438,-1.25121593475342,6.09827375411987,0.0436395257711411
2021-06-01 06:40:20,2475.37182617188,38.6227378845215,-101.924682617188,1.20648086071014,5.96102237701416,0.177976056933403
2021-06-01 06:40:21,2476.57568359375,38.6222457885742,-101.926170349121,0.82807844877243,5.97659969329834,0.261228024959564
2021-06-01 06:40:22,2477.87768554688,38.6218147277832,-101.927658081055,1.87413275241852,6.0761456489563,0.313293159008026
2021-06-01 06:40:23,2479.47778320312,38.6214027404785,-101.92919921875,0.447408229112625,6.07581853866577,0.315235614776611
2021-06-01 06:40:24,2480.27319335938,38.6210517883301,-101.930725097656,1.19590437412262,5.91874122619629,0.0312178321182728
2021-06-01 06:40:25,2480.56323242188,38.6207275390625,-101.93229675293,1.26860380172729,6.06504201889038,0.000153729895828292
2021-06-01 06:40:26,2480.04931640625,38.6204566955566,-101.933837890625,-2.16962242126465,6.04077434539795,0.000973479473032057
2021-06-01 06:40:27,2478.55517578125,38.6202278137207,-101.935447692871,-0.0365666374564171,6.19890880584717,0.0236387643963099
2021-06-01 06:40:28,2477.21533203125,38.6200332641602,-101.937019348145,0.135650232434273,6.07931613922119,0.106264494359493
2021-06-01 06:40:29,2475.90283203125,38.6198806762695,-101.938636779785,0.751618027687073,6.01061105728149,0.19398732483387
2021-06-01 06:40:30,2475.48828125,38.6198577880859,-101.940223693848,2.03185749053955,6.03972768783569,0.498959004878998
2021-06-01 06:40:31,2476.20922851562,38.6196937561035,-101.941856384277,2.7556037902832,6.19205570220947,0.515025198459625
2021-06-01 06:40:32,2477.630859375,38.6197547912598,-101.943450927734,2.42936944961548,6.37679052352905,0.510281145572662
2021-06-01 06:40:33,2479.25073242188,38.6198616027832,-101.94507598877,1.43204033374786,6.30142974853516,0.495488286018372
2021-06-01 06:40:34,2480.11572265625,38.6198997497559,-101.946670532227,1.07379364967346,6.43346738815308,0.451484203338623
2021-06-01 06:40:35,2479.94506835938,38.6200408935547,-101.948295593262,0.559150993824005,6.45782613754272,0.429599970579147
2021-06-01 06:40:36,2478.69555664062,38.6202201843262,-101.949890136719,1.15687704086304,6.17487001419067,0.394330710172653
2021-06-01 06:40:37,2477.17456054688,38.6204261779785,-101.951515197754,0.936497867107391,6.02999305725098,0.397206813097
2021-06-01 06:40:38,2476.25268554688,38.6206436157227,-101.953102111816,1.5587066411972,6.14564895629883,0.383620858192444
2021-06-01 06:40:39,2476.109375,38.6209487915039,-101.954689025879,0.867482006549835,5.99266767501831,0.383502513170242
2021-06-01 06:40:40,2476.01708984375,38.6212348937988,-101.956268310547,0.342580556869507,5.98614311218262,0.42860335111618
2021-06-01 06:40:41,2475.59619140625,38.6215553283691,-101.957847595215,-0.532421350479126,6.04681396484375,0.24506151676178
2021-06-01 06:40:42,2474.38330078125,38.6219100952148,-101.959403991699,-0.455508232116699,6.0348424911499,0.365088909864426
2021-06-01 06:40:43,2472.7578125,38.6222686767578,-101.960983276367,0.3494733273983,6.00611686706543,0.0545805506408215
2021-06-01 06:40:44,2471.5146484375,38.6226501464844,-101.962493896484,-0.0799502804875374,6.28588819503784,9.26986740523716e-06
2021-06-01 06:40:45,2470.8603515625,38.6230812072754,-101.964057922363,-1.3621951341629,6.28540849685669,0
2021-06-01 06:40:46,2470.75537109375,38.6235084533691,-101.96556854248,-0.667078673839569,6.19873571395874,2.35561965382658e-05
2021-06-01 06:40:47,2471.33032226562,38.6239852905273,-101.967094421387,0.182263359427452,6.1729040145874,0
2021-06-01 06:40:48,2472.20166015625,38.6244583129883,-101.968566894531,0.0932365581393242,6.19489288330078,0
2021-06-01 06:40:49,2473.23803710938,38.6249580383301,-101.970062255859,0.728286504745483,6.16280651092529,1.38714688091568e-06
2021-06-01 06:40:50,2474.1845703125,38.6254615783691,-101.971519470215,1.25204300880432,6.15859031677246,7.49927858123556e-05
2021-06-01 06:40:51,2474.92114257812,38.6260032653809,-101.972991943359,1.37430346012115,6.12956714630127,0
2021-06-01 06:40:52,2475.4892578125,38.6265335083008,-101.974418640137,1.53681302070618,6.1249885559082,0
2021-06-01 06:40:53,2475.99536132812,38.6270790100098,-101.975860595703,1.10243487358093,6.23325490951538,0
2021-06-01 06:40:54,2476.50341796875,38.6276245117188,-101.977279663086,1.40643882751465,6.34557390213013,1.39675319132948e-06
2021-06-01 06:40:55,2477.06518554688,38.6281929016113,-101.978721618652,1.57990777492523,6.37470245361328,2.56557336797414e-06
2021-06-01 06:40:56,2477.40063476562,38.6287231445312,-101.980133056641,0.820433378219604,6.27627420425415,5.64270021641278e-06
2021-06-01 06:40:57,2477.2890625,38.6292953491211,-101.981582641602,0.670971035957336,6.27724552154541,5.24248425790574e-05
2021-06-01 06:40:58,2476.95849609375,38.6298484802246,-101.982955932617,0.827381789684296,6.16197109222412,0
2021-06-01 06:40:59,2476.5263671875,38.6303825378418,-101.984382629395,0.547361731529236,6.15854740142822,0
2021-06-01 06:41:00,2476.1708984375,38.6309547424316,-101.985786437988,0.0366369113326073,6.25486850738525,2.07968332688324e-06
2021-06-01 06:41:01,2475.74658203125,38.6315155029297,-101.987190246582,-0.618702054023743,6.34522438049316,1.41373459427996e-06
2021-06-01 06:41:02,2475.15649414062,38.632080078125,-101.988555908203,-0.944200694561005,6.46273565292358,0
2021-06-01 06:41:03,2474.28393554688,38.6326560974121,-101.989959716797,-0.594008326530457,6.45059871673584,9.14969859877601e-07
2021-06-01 06:41:04,2473.31811523438,38.6332130432129,-101.991325378418,-1.33900463581085,6.47501468658447,2.46166820261351e-07
2021-06-01 06:41:05,2472.55517578125,38.6338119506836,-101.992706298828,-0.5435711145401,6.45517873764038,2.4697374101379e-07
2021-06-01 06:41:06,2472.46118164062,38.6343727111816,-101.994071960449,-0.275036841630936,6.43241405487061,1.43475631375622e-06
2021-06-01 06:41:07,2472.9521484375,38.6349601745605,-101.995452880859,-0.324879974126816,6.46595335006714,7.30596411813167e-06
2021-06-01 06:41:08,2474.12255859375,38.6355361938477,-101.99681854248,-0.292625457048416,6.43395185470581,0
2021-06-01 06:41:09,2475.60327148438,38.6361045837402,-101.998199462891,-0.475828975439072,6.46959781646729,2.6123534553335e-06
2021-06-01 06:41:10,2476.90307617188,38.6366882324219,-101.999557495117,-0.752553224563599,6.51843309402466,0
2021-06-01 06:41:11,2477.78930664062,38.637264251709,-102.000938415527,-0.443763345479965,6.4866156578064,5.77002992940834e-06
2021-06-01 06:41:12,2478.20434570312,38.6378211975098,-102.002288818359,-0.31684884428978,6.48011684417725,1.35667241920601e-05
2021-06-01 06:41:13,2478.22827148438,38.6384201049805,-102.003684997559,-0.368027120828629,6.45535802841187,0
2021-06-01 06:41:14,2478.22924804688,38.6389808654785,-102.005035400391,-0.437883377075195,6.39685487747192,5.52525716557284e-06
2021-06-01 06:41:15,2478.24682617188,38.6395645141602,-102.00643157959,-0.230725809931755,6.40438890457153,0
2021-06-01 06:41:16,2478.2509765625,38.6401329040527,-102.007781982422,-0.246134117245674,6.40110778808594,0
2021-06-01 06:41:17,2478.36206054688,38.6407241821289,-102.009155273438,-0.314570993185043,6.45350408554077,6.71959423925728e-06
2021-06-01 06:41:18,2478.45776367188,38.6413230895996,-102.01050567627,0.0672568380832672,6.4519476890564,1.45227465964126e-06
2021-06-01 06:41:19,2478.5283203125,38.6419410705566,-102.01188659668,-0.0785839036107063,6.41294002532959,2.49109262995262e-07
2021-06-01 06:41:20,2478.30322265625,38.6425743103027,-102.013198852539,-0.373861581087112,6.35862255096436,0
2021-06-01 06:41:21,2477.68969726562,38.6432418823242,-102.014526367188,-0.467419803142548,6.32048034667969,0
2021-06-01 06:41:22,2476.95556640625,38.6439476013184,-102.015808105469,-0.628862738609314,6.33224439620972,6.79233096434473e-07
2021-06-01 06:41:23,2476.3037109375,38.6446876525879,-102.017066955566,-0.684926211833954,6.30230712890625,0
2021-06-01 06:41:24,2475.92993164062,38.6454696655273,-102.018280029297,-0.850392043590546,6.26156568527222,0.000146233607665636
2021-06-01 06:41:25,2476.09741210938,38.6462860107422,-102.019470214844,-0.523602664470673,6.27703237533569,0
2021-06-01 06:41:26,2476.9658203125,38.6471176147461,-102.020629882812,-0.182580292224884,6.34884834289551,1.91773483493307e-06
2021-06-01 06:41:27,2478.24389648438,38.6480407714844,-102.021713256836,-0.305449932813644,6.47953271865845,0
2021-06-01 06:41:28,2479.68286132812,38.6489524841309,-102.02278137207,-0.0322095602750778,6.47107601165771,1.43373313221673e-06
2021-06-01 06:41:29,2480.998046875,38.6498870849609,-102.023803710938,0.185692757368088,6.34949398040771,0
2021-06-01 06:41:30,2481.90600585938,38.6508560180664,-102.024772644043,0.19228133559227,6.27234220504761,0
2021-06-01 06:41:31,2482.390625,38.6518821716309,-102.02571105957,0.149913340806961,6.28808927536011,2.61247737398662e-06
2021-06-01 06:41:32,2482.42602539062,38.6528625488281,-102.026596069336,0.0887393727898598,6.30144882202148,1.67569919540256e-06
2021-06-01 06:41:33,2482.05810546875,38.6539497375488,-102.027458190918,-0.379254996776581,6.27640151977539,0
2021-06-01 06:41:34,2481.39013671875,38.6550140380859,-102.028251647949,-0.470967799425125,6.2976598739624,6.71061968660069e-07
2021-06-01 06:41:35,2480.77612304688,38.6561279296875,-102.029037475586,-0.283240407705307,6.28352832794189,2.3769785912009e-05
2021-06-01 06:41:36,2480.607421875,38.6572456359863,-102.02970123291,-0.298844695091248,6.28591156005859,0
2021-06-01 06:41:37,2481.11181640625,38.6583976745605,-102.030349731445,-0.358651101589203,6.22944068908691,4.03024478146108e-06
2021-06-01 06:41:38,2482.5556640625,38.6595458984375,-102.030937194824,-0.629436135292053,6.25157499313354,0
2021-06-01 06:41:39,2485.115234375,38.6607437133789,-102.031463623047,-0.449167430400848,6.31711101531982,1.34418087327504e-05
2021-06-01 06:41:40,2489.001953125,38.661922454834,-102.031921386719,-0.496255099773407,6.28097677230835,1.42857584251033e-06
2021-06-01 06:41:41,2494.07495117188,38.6631469726562,-102.032318115234,-0.565465867519379,6.16794633865356,0
2021-06-01 06:41:42,2499.91528320312,38.6643524169922,-102.032661437988,-0.778679430484772,6.05322170257568,0
2021-06-01 06:41:43,2505.8837890625,38.6655960083008,-102.03295135498,-0.711670398712158,5.95748329162598,6.56899783280096e-06
2021-06-01 06:41:44,2511.63061523438,38.666820526123,-102.033187866211,-0.907813608646393,5.90440273284912,0
2021-06-01 06:41:45,2517.05346679688,38.6680870056152,-102.03337097168,-0.659751415252686,5.86919450759888,0
2021-06-01 06:41:46,2522.20458984375,38.6693305969238,-102.033462524414,-0.828914999961853,5.861168384552,0
2021-06-01 06:41:47,2527.02783203125,38.6705856323242,-102.033584594727,-0.633837342262268,5.92565965652466,0
2021-06-01 06:41:48,2531.80493164062,38.6718368530273,-102.033630371094,-0.373282074928284,5.92191123962402,1.34018648623169e-06
2021-06-01 06:41:49,2536.81689453125,38.6731033325195,-102.033493041992,0.23291677236557,5.8237042427063,6.66407743210584e-07
2021-06-01 06:41:50,2542.21850585938,38.6743469238281,-102.033424377441,0.379898875951767,5.79352474212646,0
2021-06-01 06:41:51,2548.15771484375,38.6756057739258,-102.033248901367,1.47212839126587,5.93675994873047,0
2021-06-01 06:41:52,2554.724609375,38.6768417358398,-102.033027648926,1.00675749778748,5.92583513259888,0
2021-06-01 06:41:53,2561.3369140625,38.678108215332,-102.032745361328,0.657997310161591,5.91404914855957,1.40947952331771e-06
2021-06-01 06:41:54,2567.47924804688,38.6793365478516,-102.032417297363,0.288005590438843,5.78999853134155,0
2021-06-01 06:41:55,2572.97241210938,38.6805725097656,-102.032035827637,0.0833175554871559,5.72206878662109,0
2021-06-01 06:41:56,2577.93286132812,38.681770324707,-102.031600952148,-0.152181640267372,5.71145296096802,0
2021-06-01 06:41:57,2582.63354492188,38.6830024719238,-102.031097412109,0.026886997744441,5.66414546966553,2.39882439245775e-07
2021-06-01 06:41:58,2587.35180664062,38.6841697692871,-102.030555725098,0.37125962972641,5.64420127868652,0
2021-06-01 06:41:59,2592.22412109375,38.6853485107422,-102.029960632324,0.333363711833954,5.60560655593872,0
2021-06-01 06:42:00,2597.34643554688,38.6865081787109,-102.029319763184,0.55221551656723,5.59123516082764,0
2021-06-01 06:42:01,2602.7021484375,38.6876487731934,-102.028617858887,0.585724472999573,5.55066156387329,0
2021-06-01 06:42:02,2608.25561523438,38.6887397766113,-102.027847290039,0.59353369474411,5.60666799545288,2.36054402193986e-05
2021-06-01 06:42:03,2613.91333007812,38.689826965332,-102.027030944824,0.765831470489502,5.73337936401367,1.41245902796072e-06
2021-06-01 06:42:04,2619.75415039062,38.6908912658691,-102.026184082031,0.833435356616974,5.93001937866211,0
2021-06-01 06:42:05,2625.6201171875,38.6919708251953,-102.025276184082,0.781688094139099,6.00223636627197,0
2021-06-01 06:42:06,2631.31469726562,38.6929779052734,-102.024337768555,0.791399478912354,5.99406576156616,0
2021-06-01 06:42:07,2636.89868164062,38.693977355957,-102.023323059082,0.820658504962921,6.02714347839355,5.26188232470304e-05
2021-06-01 06:42:08,2642.2919921875,38.6949424743652,-102.022262573242,0.677646815776825,5.83850288391113,1.50846035467112e-05
2021-06-01 06:42:09,2647.43872070312,38.6958770751953,-102.021179199219,0.664559185504913,5.60011005401611,4.69155429527746e-06
2021-06-01 06:42:10,2652.63720703125,38.6967964172363,-102.020072937012,1.01415503025055,5.24212646484375,0
2021-06-01 06:42:11,2657.9169921875,38.6976661682129,-102.018905639648,1.02286541461945,5.05201292037964,0
2021-06-01 06:42:12,2663.37939453125,38.6985130310059,-102.017692565918,0.24609562754631,5.12910652160645,1.65949768415885e-06
2021-06-01 06:42:13,2668.79638671875,38.6993293762207,-102.016441345215,-0.222756713628769,5.34342908859253,7.65793665777892e-05
2021-06-01 06:42:14,2674.14208984375,38.7001075744629,-102.015159606934,-0.183328911662102,5.39501714706421,6.57184227748076e-06
2021-06-01 06:42:15,2679.28955078125,38.7008666992188,-102.01383972168,-0.307910948991776,5.37834167480469,0
2021-06-01 06:42:16,2684.27221679688,38.7015724182129,-102.012504577637,-0.427212655544281,5.38481950759888,0
2021-06-01 06:42:17,2689.1220703125,38.7022399902344,-102.011093139648,-0.599154472351074,5.36743593215942,2.42343730860739e-07
2021-06-01 06:42:18,2693.98828125,38.7028694152832,-102.009719848633,-0.496202021837234,5.30480670928955,0
2021-06-01 06:42:19,2698.98999023438,38.7034797668457,-102.008247375488,-0.202783197164536,5.2773232460022,0
2021-06-01 06:42:20,2704.2392578125,38.7040405273438,-102.006790161133,-0.0708767771720886,5.20079755783081,0
2021-06-01 06:42:21,2709.5986328125,38.7045555114746,-102.005271911621,-0.249407544732094,5.13344287872314,0
2021-06-01 06:42:22,2715.01879882812,38.7050323486328,-102.003761291504,-0.511669099330902,5.11296558380127,8.62140132085187e-06
2021-06-01 06:42:23,2720.44458007812,38.7054786682129,-102.002220153809,-0.612267255783081,5.1130166053772,0
2021-06-01 06:42:24,2725.84741210938,38.7058639526367,-102.000671386719,-0.696053326129913,5.04347276687622,0
2021-06-01 06:42:25,2731.20849609375,38.706226348877,-101.999069213867,-0.53428053855896,5.06294965744019,0
2021-06-01 06:42:26,2736.58984375,38.7065238952637,-101.99747467041,-0.584799528121948,5.08924674987793,0
2021-06-01 06:42:27,2741.95727539062,38.7068099975586,-101.995849609375,-0.471284091472626,5.10139846801758,0
2021-06-01 06:42:28,2747.35375976562,38.7070121765137,-101.994255065918,-0.512657701969147,5.05034637451172,2.4109775154102e-07
2021-06-01 06:42:29,2752.75830078125,38.7072067260742,-101.992614746094,-0.744220554828644,4.94623422622681,4.22224184148945e-06
2021-06-01 06:42:30,2758.28540039062,38.7073440551758,-101.990989685059,-0.474118083715439,4.93856620788574,0
2021-06-01 06:42:31,2764.01416015625,38.7074089050293,-101.989326477051,-0.90556675195694,4.78918123245239,2.06192635232583e-06
2021-06-01 06:42:32,2769.56469726562,38.7074089050293,-101.987693786621,-1.04313504695892,4.71288394927979,0
2021-06-01 06:42:33,2774.58056640625,38.7074089050293,-101.986030578613,-0.907962381839752,4.62710380554199,1.39961446166126e-06
2021-06-01 06:42:34,2778.76049804688,38.7074089050293,-101.984390258789,-0.676926255226135,4.60176801681519,2.40298447806708e-07
2021-06-01 06:42:35,2782.03979492188,38.7073745727539,-101.982719421387,-0.255607515573502,4.38699960708618,2.38512285477555e-07
2021-06-01 06:42:36,2784.5537109375,38.7072372436523,-101.981079101562,-0.0235185064375401,4.34216547012329,1.38889356549043e-06
2021-06-01 06:42:37,2786.41821289062,38.7070846557617,-101.979415893555,0.0446970872581005,4.39992094039917,6.74016791890608e-06
2021-06-01 06:42:38,2787.74926757812,38.7068824768066,-101.97779083252,0.0333072729408741,4.52497863769531,0
2021-06-01 06:42:39,2788.64013671875,38.7066345214844,-101.976150512695,0.188142865896225,4.50005054473877,1.6437206795672e-06
2021-06-01 06:42:40,2789.40966796875,38.7063522338867,-101.974555969238,0.085350513458252,4.35204887390137,6.7542341639637e-06
2021-06-01 06:42:41,2790.197265625,38.7060317993164,-101.972938537598,-0.26511088013649,4.18251419067383,1.40466568154807e-06
2021-06-01 06:42:42,2790.97241210938,38.7056655883789,-101.97135925293,-0.387599140405655,4.10356521606445,2.54290785051126e-06
2021-06-01 06:42:43,2791.77783203125,38.7052192687988,-101.969772338867,-0.345801204442978,4.16893434524536,2.41040311266261e-07
2021-06-01 06:42:44,2792.46362304688,38.7047805786133,-101.968231201172,-0.32220321893692,4.21694087982178,6.62068998735776e-07
2021-06-01 06:42:45,2792.8740234375,38.7042694091797,-101.966682434082,-0.399116039276123,4.22176885604858,0
2021-06-01 06:42:46,2792.93310546875,38.7037391662598,-101.965179443359,-0.867316842079163,4.04642200469971,0
2021-06-01 06:42:47,2792.67602539062,38.7031707763672,-101.963691711426,-0.54999965429306,4.06377983093262,0
2021-06-01 06:42:48,2792.37524414062,38.702564239502,-101.96223449707,-0.442772328853607,4.18239593505859,0
2021-06-01 06:42:49,2792.22338867188,38.7018966674805,-101.960784912109,-0.544359505176544,4.2320671081543,0
2021-06-01 06:42:50,2792.03466796875,38.701229095459,-101.959419250488,-0.131115064024925,4.39579200744629,5.22087138961069e-05
2021-06-01 06:42:51,2791.88256835938,38.7004890441895,-101.958038330078,-0.161333248019218,4.36822414398193,2.35328752751229e-05
2021-06-01 06:42:52,2791.6904296875,38.6997222900391,-101.956703186035,-0.388245433568954,4.3112587928772,0
2021-06-01 06:42:53,2791.49682617188,38.6989288330078,-101.95539855957,-0.542191624641418,4.36339235305786,2.55086138167826e-06
2021-06-01 06:42:54,2791.52392578125,38.6980972290039,-101.954154968262,0.250338017940521,4.42163133621216,0
2021-06-01 06:42:55,2791.99438476562,38.6972274780273,-101.952911376953,0.345039278268814,4.35725927352905,0
2021-06-01 06:42:56,2792.6533203125,38.6963272094727,-101.951736450195,0.453128069639206,4.4000678062439,0
2021-06-01 06:42:57,2793.4228515625,38.6953811645508,-101.95059967041,0.73492842912674,4.39570236206055,0
2021-06-01 06:42:58,2794.18017578125,38.6944389343262,-101.949478149414,0.505890429019928,4.41303253173828,0
2021-06-01 06:42:59,2794.67236328125,38.6934394836426,-101.948463439941,0.530752062797546,4.42359590530396,0
2021-06-01 06:43:00,2794.80444335938,38.6924324035645,-101.947441101074,0.376207590103149,4.43741226196289,0
2021-06-01 06:43:01,2794.56030273438,38.6913681030273,-101.94645690918,0.872574031352997,4.52561044692993,0
2021-06-01 06:43:02,2794.17846679688,38.6903610229492,-101.945556640625,0.0978551357984543,4.45695638656616,0
2021-06-01 06:43:03,2793.61328125,38.6892013549805,-101.944686889648,0.0184329450130463,4.42891979217529,0
2021-06-01 06:43:04,2793.158203125,38.6881408691406,-101.943870544434,-0.0597894042730331,4.28031969070435,2.423686282782e-07
2021-06-01 06:43:05,2792.74609375,38.6869773864746,-101.943099975586,-0.179941058158875,4.15245866775513,1.9821409296128e-05
2021-06-01 06:43:06,2792.38842773438,38.6858444213867,-101.942390441895,-0.273117959499359,4.11583423614502,0
2021-06-01 06:43:07,2792.13256835938,38.6846656799316,-101.941719055176,-0.0556655488908291,4.04246616363525,2.58366208072403e-06
2021-06-01 06:43:08,2791.88012695312,38.683479309082,-101.941108703613,-0.127955138683319,4.09853935241699,0
2021-06-01 06:43:09,2791.58349609375,38.6822624206543,-101.940544128418,0.170537680387497,4.11919260025024,0
2021-06-01 06:43:10,2791.35205078125,38.6810493469238,-101.940040588379,0.23524135351181,4.12943935394287,0
2021-06-01 06:43:11,2791.15673828125,38.6798057556152,-101.939575195312,-0.0690285861492157,4.16545391082764,2.08345022656431e-06
2021-06-01 06:43:12,2791.03979492188,38.678581237793,-101.939208984375,-0.0740712061524391,4.20737743377686,0
2021-06-01 06:43:13,2790.9892578125,38.677303314209,-101.938842773438,-0.526358306407928,4.2197437286377,0
2021-06-01 06:43:14,2790.83154296875,38.6760597229004,-101.938583374023,-0.822482407093048,4.25388717651367,0
2021-06-01 06:43:15,2790.61328125,38.6747665405273,-101.938346862793,-0.876575469970703,4.30370998382568,0
2021-06-01 06:43:16,2790.5634765625,38.6734848022461,-101.938186645508,-0.4936703145504,4.22155523300171,0
2021-06-01 06:43:17,2790.6328125,38.672191619873,-101.938049316406,-0.606651782989502,4.14025259017944,2.43321153448051e-07
2021-06-01 06:43:18,2790.83129882812,38.6709098815918,-101.938018798828,-0.560681760311127,3.85799646377563,0.0161439422518015
2021-06-01 06:43:19,2790.92797851562,38.6696166992188,-101.938018798828,-0.420246243476868,3.84878063201904,0.00559465959668159
2021-06-01 06:43:20,2790.96801757812,38.6683349609375,-101.938079833984,-0.943683266639709,3.84678745269775,0.00692868325859308
2021-06-01 06:43:21,2790.73974609375,38.6670417785645,-101.938209533691,-0.486320525407791,3.85579633712769,0.0368231385946274
2021-06-01 06:43:22,2790.46923828125,38.6657981872559,-101.938400268555,-1.51135218143463,3.83025932312012,0.103967376053333
2021-06-01 06:43:23,2790.08569335938,38.664493560791,-101.938621520996,-0.0272764880210161,3.89254188537598,0.502993941307068
2021-06-01 06:43:24,2790.18774414062,38.6632385253906,-101.938903808594,1.16949701309204,4.14180707931519,0.622906625270844
2021-06-01 06:43:25,2790.92919921875,38.6619644165039,-101.939262390137,2.3161735534668,4.11700248718262,0.549926578998566
2021-06-01 06:43:26,2792.40014648438,38.6607284545898,-101.939666748047,0.976623117923737,3.89164137840271,0.208938166499138
2021-06-01 06:43:27,2793.78491210938,38.6594772338867,-101.940139770508,0.671002089977264,3.79369711875916,0.0242927819490433
2021-06-01 06:43:28,2794.68994140625,38.658260345459,-101.940658569336,0.664362788200378,3.90694212913513,2.38313973000004e-07
2021-06-01 06:43:29,2794.49096679688,38.657039642334,-101.941215515137,-1.10550606250763,4.25902557373047,0
2021-06-01 06:43:30,2793.14624023438,38.6558303833008,-101.941818237305,-1.09054136276245,4.30443620681763,9.03478678537795e-07
2021-06-01 06:43:31,2790.95922851562,38.6546516418457,-101.942474365234,-1.55864381790161,3.99117016792297,0.0061432751826942
2021-06-01 06:43:32,2788.94775390625,38.653491973877,-101.943183898926,0.30478373169899,4.29196214675903,0.189771860837936
2021-06-01 06:43:33,2788.40869140625,38.6523399353027,-101.943977355957,1.94835412502289,4.19049787521362,0.326736152172089
2021-06-01 06:43:34,2789.3447265625,38.6512336730957,-101.944778442383,2.53780078887939,4.31329679489136,0.412908762693405
2021-06-01 06:43:35,2791.29052734375,38.6501350402832,-101.945655822754,2.01540946960449,4.14050483703613,0.660706758499146
2021-06-01 06:43:36,2793.30834960938,38.6490020751953,-101.94652557373,0.711728870868683,4.06205987930298,0.702920436859131
2021-06-01 06:43:37,2794.50122070312,38.6479187011719,-101.947441101074,-0.0636493936181068,4.03114891052246,0.466312110424042
2021-06-01 06:43:38,2794.37377929688,38.6468505859375,-101.948356628418,-1.97412741184235,3.96782207489014,1.38805341975967e-06
2021-06-01 06:43:39,2792.67456054688,38.6457710266113,-101.949295043945,-1.01761162281036,3.96464276313782,0.00152785482350737
2021-06-01 06:43:40,2790.61206054688,38.6447105407715,-101.950210571289,-1.2399183511734,4.14208698272705,0
2021-06-01 06:43:41,2788.23681640625,38.6436309814453,-101.951156616211,-2.05011868476868,4.41558742523193,0.00654614064842463
2021-06-01 06:43:42,2786.4072265625,38.642650604248,-101.952079772949,1.1388453245163,4.57831192016602,0.107585050165653
2021-06-01 06:43:43,2785.97094726562,38.6415672302246,-101.953018188477,1.8157172203064,4.21252298355103,0.482527613639832
2021-06-01 06:43:44,2786.8681640625,38.6404991149902,-101.953971862793,2.423264503479,4.28867673873901,0.714954555034637
2021-06-01 06:43:45,2789.14086914062,38.6394195556641,-101.954925537109,3.86390662193298,4.15445756912231,0.595982134342194
2021-06-01 06:43:46,2792.55517578125,38.6383590698242,-101.955871582031,3.12093567848206,3.90830373764038,0.217156946659088
2021-06-01 06:43:47,2796.0859375,38.6372947692871,-101.956825256348,2.54796695709229,3.96681761741638,0.411519259214401
2021-06-01 06:43:48,2798.80419921875,38.6362991333008,-101.957763671875,0.848799109458923,3.92526435852051,0.323352217674255
2021-06-01 06:43:49,2799.6337890625,38.6352157592773,-101.958709716797,1.42597150802612,4.18529653549194,0.421049505472183
2021-06-01 06:43:50,2798.63598632812,38.634147644043,-101.959648132324,1.50043833255768,4.12655115127563,0.425380796194077
2021-06-01 06:43:51,2796.1484375,38.6330680847168,-101.960586547852,0.686291635036469,3.92365336418152,0.185861051082611
2021-06-01 06:43:52,2793.212890625,38.6320724487305,-101.961540222168,0.751370489597321,3.97813439369202,0.149269625544548
2021-06-01 06:43:53,2790.34741210938,38.6310081481934,-101.962501525879,-0.235144525766373,3.86380648612976,0.00505137071013451
2021-06-01 06:43:54,2787.37939453125,38.6299629211426,-101.963455200195,-1.20061326026917,3.88859534263611,0.00519554736092687
2021-06-01 06:43:55,2784.79418945312,38.6289482116699,-101.964424133301,-0.785427272319794,3.93491077423096,0.000154842520714737
2021-06-01 06:43:56,2782.87036132812,38.6279029846191,-101.965393066406,-0.457381993532181,3.99061703681946,1.52571128637646e-05
2021-06-01 06:43:57,2781.98779296875,38.6268882751465,-101.966377258301,-1.58811151981354,3.84814238548279,0.0248443242162466
2021-06-01 06:43:58,2781.74682617188,38.6258659362793,-101.967323303223,-1.92125344276428,4.0122275352478,0.0319493487477303
2021-06-01 06:43:59,2782.08715820312,38.624828338623,-101.968307495117,-0.279001951217651,3.71458077430725,0.0565423108637333
2021-06-01 06:44:00,2783.16796875,38.6238327026367,-101.969261169434,0.0848985090851784,3.66722536087036,0.134235963225365
2021-06-01 06:44:01,2784.84716796875,38.6227836608887,-101.970230102539,0.298083811998367,3.6698203086853,0.0977120772004128
2021-06-01 06:44:02,2786.85668945312,38.6217880249023,-101.971176147461,0.391507714986801,3.56244945526123,0.000818860367871821
2021-06-01 06:44:03,2788.71240234375,38.6207389831543,-101.972137451172,0.825572550296783,3.40038108825684,0.0609037987887859
2021-06-01 06:44:04,2790.47729492188,38.6197280883789,-101.973075866699,0.959278702735901,3.36479163169861,0.00460756616666913
2021-06-01 06:44:05,2792.04809570312,38.6186904907227,-101.97403717041,0.74172705411911,3.51460313796997,4.21971526520792e-06
2021-06-01 06:44:06,2793.34985351562,38.6176681518555,-101.974967956543,1.07470726966858,3.55909585952759,0
2021-06-01 06:44:07,2794.2626953125,38.6166458129883,-101.975921630859,1.48363351821899,3.49658632278442,0.023155216127634
2021-06-01 06:44:08,2794.82495117188,38.615608215332,-101.976852416992,1.32729852199554,3.47495532035828,0.00439292984083295
2021-06-01 06:44:09,2795.09008789062,38.6145858764648,-101.977798461914,1.8658162355423,3.60519552230835,5.07260228914674e-05
2021-06-01 06:44:10,2794.9921875,38.6135482788086,-101.978729248047,1.52762675285339,3.6842360496521,2.41846919379896e-07
2021-06-01 06:44:11,2794.52026367188,38.6125106811523,-101.979682922363,1.50252163410187,3.76719832420349,1.41090038141556e-06
2021-06-01 06:44:12,2793.84155273438,38.6114883422852,-101.980606079102,0.50582218170166,3.82016038894653,1.34990032165661e-05
2021-06-01 06:44:13,2793.10620117188,38.6104393005371,-101.981567382812,0.94428163766861,3.88953232765198,0
2021-06-01 06:44:14,2792.47802734375,38.6094284057617,-101.982490539551,0.410925656557083,4.04637575149536,0
2021-06-01 06:44:15,2791.73486328125,38.6083488464355,-101.983428955078,0.0636381804943085,4.08355760574341,9.50541652855463e-06
2021-06-01 06:44:16,2790.9775390625,38.6073532104492,-101.984367370605,0.245143324136734,4.1100025177002,0
2021-06-01 06:44:17,2790.32836914062,38.6062927246094,-101.985290527344,0.174482464790344,4.24088191986084,0
2021-06-01 06:44:18,2789.8388671875,38.6052551269531,-101.986228942871,0.606204807758331,4.32717037200928,6.60568105104176e-07
2021-06-01 06:44:19,2789.79321289062,38.6042327880859,-101.987159729004,1.14436042308807,4.45392417907715,0
2021-06-01 06:44:20,2790.01904296875,38.6031684875488,-101.988075256348,0.64333164691925,4.5648250579834,0
2021-06-01 06:44:21,2790.287109375,38.6021461486816,-101.989028930664,0.481652796268463,4.72700595855713,2.57731971942121e-06
2021-06-01 06:44:22,2790.41918945312,38.6011085510254,-101.989952087402,0.307092905044556,4.86513328552246,2.43046002879055e-07
2021-06-01 06:44:23,2790.21118164062,38.600025177002,-101.990882873535,-0.396460711956024,4.89089965820312,0
2021-06-01 06:44:24,2789.69921875,38.5990371704102,-101.991806030273,-0.150279134511948,5.04464912414551,0
2021-06-01 06:44:25,2789.3056640625,38.5979652404785,-101.992729187012,0.165080726146698,4.94607925415039,1.41813006848679e-06
2021-06-01 06:44:26,2789.23510742188,38.5968971252441,-101.993637084961,0.394965440034866,4.89747095108032,0
2021-06-01 06:44:27,2789.53759765625,38.595874786377,-101.994560241699,-0.477521628141403,4.96831130981445,0
2021-06-01 06:44:28,2789.91918945312,38.5948371887207,-101.995475769043,0.439532876014709,5.06338024139404,0
2021-06-01 06:44:29,2790.55590820312,38.5937576293945,-101.996406555176,0.234889462590218,5.03645467758179,1.41821453780722e-06
2021-06-01 06:44:30,2791.05053710938,38.5926971435547,-101.99732208252,0.407886564731598,5.08302164077759,0
2021-06-01 06:44:31,2791.66967773438,38.5916137695312,-101.998237609863,-0.022502588108182,5.12528848648071,0
2021-06-01 06:44:32,2792.1337890625,38.5906257629395,-101.999160766602,-0.127669230103493,5.2664909362793,0.000144023768370971
2021-06-01 06:44:33,2792.4970703125,38.5895538330078,-102.000091552734,0.0707492157816887,5.26466369628906,2.45145747612696e-05
2021-06-01 06:44:34,2792.62329101562,38.5884857177734,-102.001007080078,0.199749171733856,5.17610216140747,0
2021-06-01 06:44:35,2792.689453125,38.5874099731445,-102.001945495605,-0.0368237607181072,5.16719341278076,0
2021-06-01 06:44:36,2792.69580078125,38.5863456726074,-102.002853393555,-0.138042777776718,5.18512487411499,0
2021-06-01 06:44:37,2792.67651367188,38.585262298584,-102.003799438477,0.129796415567398,5.21519327163696,4.88802527343069e-07
2021-06-01 06:44:38,2792.7392578125,38.5841941833496,-102.00471496582,0.0648814365267754,4.97370433807373,NaN
2021-06-01 06:44:39,2792.830078125,38.5831184387207,-102.005645751953,-0.00416324194520712,5.01291799545288,6.70841245664633e-07
2021-06-01 06:44:40,2793.13671875,38.5820541381836,-102.006591796875,-0.38053086400032,4.60268449783325,0.0710827186703682
2021-06-01 06:44:41,2793.15478515625,38.5809707641602,-102.007522583008,-0.201052218675613,4.30994319915771,0.00992805603891611
2021-06-01 06:44:42,2793.50073242188,38.5799026489258,-102.00846862793,0.385844379663467,4.36046600341797,3.91358917113394e-05
2021-06-01 06:44:43,2793.76879882812,38.5788269042969,-102.009414672852,0.381055742502213,4.45289707183838,0.000705921615008265
2021-06-01 06:44:44,2793.8408203125,38.5777626037598,-102.010368347168,-0.57257604598999,4.07871532440186,1.39581516123144e-06
2021-06-01 06:44:45,2793.77465820312,38.5766792297363,-102.011322021484,0.575631737709045,3.96210169792175,4.42524105892517e-06
2021-06-01 06:44:46,2794.05688476562,38.575611114502,-102.012268066406,-2.31629824638367,3.8496036529541,0
2021-06-01 06:44:47,2793.53979492188,38.574535369873,-102.013252258301,-1.29781794548035,3.73627758026123,1.59599107973918e-06
2021-06-01 06:44:48,2793.39038085938,38.5735511779785,-102.014213562012,-1.05578148365021,3.91452479362488,0.0617899224162102
2021-06-01 06:44:49,2793.14624023438,38.5724754333496,-102.015174865723,-1.58496701717377,3.75832319259644,0.0331972241401672
2021-06-01 06:44:50,2792.75659179688,38.5714111328125,-102.016128540039,-1.55739307403564,3.74253869056702,0.0444406345486641
2021-06-01 06:44:51,2792.31469726562,38.5703277587891,-102.017112731934,-1.51052665710449,3.79637670516968,0.036664254963398
2021-06-01 06:44:52,2791.57006835938,38.5692596435547,-102.01806640625,-1.08332693576813,3.87094163894653,0
2021-06-01 06:44:53,2791.02856445312,38.5681838989258,-102.019020080566,-1.34163117408752,3.92275428771973,2.50099992626929e-06
2021-06-01 06:44:54,2790.61059570312,38.5671730041504,-102.019996643066,-1.49147796630859,4.07990550994873,6.49327205337613e-07
2021-06-01 06:44:55,2790.43286132812,38.5661239624023,-102.020980834961,-0.961054503917694,4.15779113769531,8.91147976744833e-07
2021-06-01 06:44:56,2790.43896484375,38.5650596618652,-102.021934509277,-0.986785709857941,4.15142631530762,0
2021-06-01 06:44:57,2790.48681640625,38.564037322998,-102.022895812988,-0.891681790351868,4.26375246047974,0
2021-06-01 06:44:58,2790.69458007812,38.5629997253418,-102.023864746094,-1.15157890319824,4.21260261535645,0
2021-06-01 06:44:59,2790.896484375,38.5619621276855,-102.024864196777,-1.0449960231781,4.16589593887329,0
2021-06-01 06:45:00,2791.142578125,38.5609436035156,-102.025856018066,-0.567964851856232,4.16102743148804,0
2021-06-01 06:45:01,2791.373046875,38.559944152832,-102.026863098145,-0.213214948773384,4.12870597839355,6.47353044769261e-06
2021-06-01 06:45:02,2791.57373046875,38.5589714050293,-102.027931213379,-0.0233050230890512,4.23270320892334,4.80935000268801e-07
2021-06-01 06:45:03,2791.78564453125,38.5580024719238,-102.029006958008,0.0400562845170498,4.25315284729004,0
2021-06-01 06:45:04,2791.95239257812,38.5570831298828,-102.030082702637,0.332747638225555,4.38421773910522,0
2021-06-01 06:45:05,2792.09765625,38.5561828613281,-102.031257629395,-0.339241921901703,4.47662162780762,6.59334546071477e-07
2021-06-01 06:45:06,2792.05688476562,38.5553169250488,-102.032432556152,-0.826272428035736,4.38705682754517,2.80231620308768e-06
2021-06-01 06:45:07,2791.83056640625,38.5544967651367,-102.033668518066,-1.0741286277771,4.38151550292969,0
2021-06-01 06:45:08,2791.43603515625,38.5536918640137,-102.03490447998,-1.2117748260498,4.32763528823853,2.41019591840086e-07
2021-06-01 06:45:09,2791.05224609375,38.5529365539551,-102.03621673584,-0.800718128681183,4.22324228286743,1.40677502713515e-06
2021-06-01 06:45:10,2790.87622070312,38.5522270202637,-102.037528991699,-0.829285323619843,4.18906879425049,0
2021-06-01 06:45:11,2790.86010742188,38.5515365600586,-102.03889465332,-0.657015800476074,4.08307027816772,3.94757807953283e-05
2021-06-01 06:45:12,2790.9638671875,38.5509033203125,-102.04027557373,-0.675089418888092,4.0466136932373,3.82113685191143e-05
2021-06-01 06:45:13,2791.10888671875,38.55029296875,-102.041702270508,-0.603784084320068,3.96409130096436,0
2021-06-01 06:45:14,2791.28295898438,38.5497169494629,-102.043128967285,-0.377289950847626,3.91326260566711,0
2021-06-01 06:45:15,2791.58911132812,38.5492057800293,-102.044570922852,-0.0824903398752213,3.86974859237671,0
2021-06-01 06:45:16,2792.09692382812,38.5487251281738,-102.046051025391,0.211064532399178,3.82770538330078,0
2021-06-01 06:45:17,2792.763671875,38.5482902526855,-102.047561645508,0.0903043746948242,3.93705534934998,2.41920673715867e-07
2021-06-01 06:45:18,2793.4560546875,38.547908782959,-102.04906463623,0.101048566401005,4.06291723251343,2.43102334707146e-07
2021-06-01 06:45:19,2793.99755859375,38.547550201416,-102.050605773926,0.324991881847382,4.0811824798584,0
2021-06-01 06:45:20,2794.43823242188,38.547248840332,-102.052124023438,0.653088986873627,4.04470157623291,2.42731772459592e-07
2021-06-01 06:45:21,2794.7138671875,38.5469779968262,-102.053703308105,0.55279403924942,4.08608484268188,1.41477107717947e-06
2021-06-01 06:45:22,2794.8916015625,38.5467720031738,-102.055252075195,0.64559406042099,4.06426477432251,0
2021-06-01 06:45:23,2795.00317382812,38.5465812683105,-102.056846618652,0.491642147302628,4.000084400177,1.4077519381317e-06
2021-06-01 06:45:24,2794.99267578125,38.5464286804199,-102.05842590332,0.413971811532974,3.98129892349243,0
2021-06-01 06:45:25,2794.90454101562,38.5463905334473,-102.060020446777,0.141076475381851,3.98989152908325,8.46328293846454e-06
2021-06-01 06:45:26,2794.64599609375,38.5463905334473,-102.061592102051,-0.0164457764476538,4.06126832962036,0
2021-06-01 06:45:27,2794.25170898438,38.5463905334473,-102.063171386719,0.0122603382915258,4.16308927536011,0
2021-06-01 06:45:28,2793.72265625,38.5463905334473,-102.06477355957,0.068281501531601,4.31837558746338,0
2021-06-01 06:45:29,2793.03881835938,38.5464515686035,-102.066345214844,0.270956426858902,4.34025955200195,0
2021-06-01 06:45:30,2792.396484375,38.5465888977051,-102.067916870117,0.272120773792267,4.33710432052612,0
2021-06-01 06:45:31,2791.859375,38.5467834472656,-102.069496154785,0.124034978449345,4.36582803726196,2.40862789269158e-07
2021-06-01 06:45:32,2791.36279296875,38.5469856262207,-102.071029663086,-0.0775910466909409,4.40869379043579,0
2021-06-01 06:45:33,2790.83618164062,38.5472640991211,-102.072601318359,-0.4339998960495,4.51822376251221,6.60200043967052e-07
2021-06-01 06:45:34,2790.34008789062,38.5475654602051,-102.074111938477,-0.558644950389862,4.62406444549561,0
2021-06-01 06:45:35,2789.90551757812,38.5479393005371,-102.075630187988,-0.79778391122818,4.67547464370728,0
2021-06-01 06:45:36,2789.65600585938,38.5483207702637,-102.077117919922,-0.273012399673462,4.7199764251709,0
2021-06-01 06:45:37,2789.54638671875,38.5487785339355,-102.078605651855,-0.520246922969818,4.78761291503906,0
2021-06-01 06:45:38,2789.34326171875,38.549243927002,-102.080039978027,-1.07058429718018,4.77267837524414,2.49746244662674e-05
2021-06-01 06:45:39,2788.9501953125,38.5497817993164,-102.081481933594,-0.793661713600159,4.79807424545288,0
2021-06-01 06:45:40,2788.64038085938,38.5503273010254,-102.082885742188,0.13340263068676,4.74445819854736,0
2021-06-01 06:45:41,2788.69653320312,38.5509300231934,-102.084259033203,0.153680026531219,4.7014365196228,0
2021-06-01 06:45:42,2788.99267578125,38.5515670776367,-102.085609436035,-0.465240806341171,4.54071712493896,0
2021-06-01 06:45:43,2789.40185546875,38.5522575378418,-102.086936950684,-0.64652818441391,4.40666627883911,0
2021-06-01 06:45:44,2789.79223632812,38.5529670715332,-102.08821105957,-0.556334853172302,4.35553216934204,1.15283796731092e-06
2021-06-01 06:45:45,2790.15502929688,38.5537300109863,-102.089462280273,-0.370043069124222,4.24546241760254,0
2021-06-01 06:45:46,2790.5322265625,38.5545120239258,-102.090667724609,-0.728951513767242,4.27015495300293,0
2021-06-01 06:45:47,2790.875,38.5553550720215,-102.091857910156,-0.419861704111099,4.25372219085693,1.41241378059931e-06
2021-06-01 06:45:48,2791.314453125,38.5562171936035,-102.092987060547,-0.574908137321472,4.22681379318237,3.79526973119937e-05
2021-06-01 06:45:49,2791.74487304688,38.5570983886719,-102.09407043457,-0.604434132575989,4.2469744682312,6.51828031550394e-06
2021-06-01 06:45:50,2792.0478515625,38.5580139160156,-102.09513092041,-0.713256001472473,4.09504461288452,2.4095052708617e-07
2021-06-01 06:45:51,2792.0712890625,38.5589714050293,-102.09619140625,-0.0897788256406784,4.09878349304199,2.80634912996902e-06
2021-06-01 06:45:52,2791.94213867188,38.5599403381348,-102.097160339355,-0.258436769247055,4.17813873291016,0
2021-06-01 06:45:53,2791.7548828125,38.5609512329102,-102.098098754883,-1.8492968082428,4.0907130241394,0
2021-06-01 06:45:54,2791.16186523438,38.5619735717773,-102.098999023438,-1.65843260288239,4.12261724472046,0.00128975557163358
2021-06-01 06:45:55,2790.4501953125,38.5630493164062,-102.099838256836,-1.84366059303284,4.10711860656738,0.00318068452179432
2021-06-01 06:45:56,2789.63305664062,38.5641136169434,-102.100624084473,-0.535453915596008,3.92658305168152,0.0408370904624462
2021-06-01 06:45:57,2789.22680664062,38.5651969909668,-102.101364135742,-0.883018672466278,3.85410475730896,0.0603890530765057
2021-06-01 06:45:58,2789.35302734375,38.5663452148438,-102.102066040039,0.222848460078239,3.94685292243958,0.0894844383001328
2021-06-01 06:45:59,2790.40063476562,38.5674819946289,-102.102699279785,-0.840155720710754,3.83242630958557,0.110678695142269
2021-06-01 06:46:00,2791.296875,38.5686416625977,-102.10326385498,-0.248980849981308,4.01626253128052,0.0904795899987221
2021-06-01 06:46:01,2792.30151367188,38.5698318481445,-102.103790283203,-0.264540165662766,4.02446269989014,0.294627279043198
2021-06-01 06:46:02,2793.0859375,38.5710182189941,-102.10425567627,-0.401394605636597,3.92752504348755,0.0813394263386726
2021-06-01 06:46:03,2793.50659179688,38.5722351074219,-102.104667663574,-1.18540215492249,4.35943269729614,0
2021-06-01 06:46:04,2794.17822265625,38.5734367370605,-102.105018615723,0.0371915064752102,4.58201551437378,2.3874852672634e-07
2021-06-01 06:46:05,2795.93334960938,38.5746765136719,-102.105316162109,1.02753269672394,4.75540924072266,0
2021-06-01 06:46:06,2799.0810546875,38.5758895874023,-102.105537414551,0.521522700786591,4.84719085693359,1.39242933983041e-06
2021-06-01 06:46:07,2803.85986328125,38.5771522521973,-102.10572052002,0.447801172733307,4.93440389633179,0
2021-06-01 06:46:08,2810.33715820312,38.5783996582031,-102.105812072754,1.21413278579712,4.97158670425415,0
2021-06-01 06:46:09,2818.33666992188,38.5796432495117,-102.105903625488,1.50207281112671,4.87051963806152,9.02672127267579e-07
2021-06-01 06:46:10,2826.7744140625,38.5808715820312,-102.105834960938,0.80297315120697,4.69837522506714,0
2021-06-01 06:46:11,2834.9990234375,38.5821342468262,-102.105728149414,0.375744611024857,4.59193086624146,2.40707777265925e-07
2021-06-01 06:46:12,2842.626953125,38.583366394043,-102.105613708496,0.595616400241852,4.53407144546509,0
2021-06-01 06:46:13,2849.84814453125,38.5846099853516,-102.105438232422,0.719209551811218,4.52893495559692,0
2021-06-01 06:46:14,2856.77978515625,38.5858459472656,-102.105178833008,0.238511562347412,4.34638929367065,7.61218907427974e-05
2021-06-01 06:46:15,2863.70581054688,38.587085723877,-102.104881286621,0.825551629066467,4.42660713195801,0
2021-06-01 06:46:16,2870.97119140625,38.5882911682129,-102.104530334473,0.739951074123383,4.38837242126465,2.33133105211891e-05
2021-06-01 06:46:17,2878.40185546875,38.5895118713379,-102.104103088379,0.433953136205673,4.28696775436401,2.54985980063793e-06
2021-06-01 06:46:18,2885.87890625,38.5906944274902,-102.103645324707,0.20866747200489,4.23983001708984,0
2021-06-01 06:46:19,2893.37475585938,38.5918884277344,-102.10311126709,0.250956296920776,4.15054845809937,0
2021-06-01 06:46:20,2900.88940429688,38.5930442810059,-102.102561950684,0.260268777608871,4.08168601989746,4.78829917938128e-07
2021-06-01 06:46:21,2908.35083007812,38.5942077636719,-102.101921081543,0.493222534656525,4.01432371139526,0
2021-06-01 06:46:22,2915.84301757812,38.5953407287598,-102.101257324219,0.564521551132202,3.95528340339661,3.41617487720214e-05
2021-06-01 06:46:23,2923.38598632812,38.5964393615723,-102.10050201416,0.565195620059967,3.85754466056824,5.84135477765813e-06
2021-06-01 06:46:24,2930.93994140625,38.5975074768066,-102.099739074707,0.254835575819016,3.7931182384491,2.3923104208734e-07
2021-06-01 06:46:25,2938.53491210938,38.5985832214355,-102.098892211914,0.103086248040199,3.69780135154724,1.63221852744755e-06
2021-06-01 06:46:26,2946.11791992188,38.5996475219727,-102.098007202148,0.0506982579827309,3.59211492538452,0
2021-06-01 06:46:27,2953.60107421875,38.6006965637207,-102.09708404541,0.343887954950333,3.58915209770203,2.39098085330625e-07
2021-06-01 06:46:28,2960.98974609375,38.6016807556152,-102.096115112305,0.369849860668182,3.53881454467773,0
2021-06-01 06:46:29,2968.30883789062,38.6026611328125,-102.095077514648,0.341856271028519,3.41700983047485,6.557427241205e-07
2021-06-01 06:46:30,2975.5673828125,38.6036071777344,-102.094017028809,0.0790206417441368,3.39861941337585,0
2021-06-01 06:46:31,2982.80078125,38.6045188903809,-102.092933654785,-0.219779521226883,3.27344107627869,0
2021-06-01 06:46:32,2990.07446289062,38.6054039001465,-102.091773986816,-0.197417184710503,3.26853895187378,1.38930420234828e-06
2021-06-01 06:46:33,2997.623046875,38.606258392334,-102.09058380127,0.213733062148094,3.2699568271637,0
2021-06-01 06:46:34,3005.42651367188,38.6070671081543,-102.089370727539,-0.0270330216735601,3.2817747592926,1.39173198476783e-06
2021-06-01 06:46:35,3013.21069335938,38.6078643798828,-102.088096618652,-0.231431245803833,3.21355414390564,0
2021-06-01 06:46:36,3020.796875,38.608585357666,-102.086807250977,-0.501544713973999,3.12609839439392,0
2021-06-01 06:46:37,3028.22265625,38.6093101501465,-102.085456848145,-0.177247062325478,3.00631642341614,2.53450912168773e-06
2021-06-01 06:46:38,3035.59326171875,38.6100006103516,-102.084098815918,-0.365741461515427,2.87532448768616,0
2021-06-01 06:46:39,3042.8095703125,38.6106491088867,-102.082710266113,-0.276787430047989,2.81407594680786,2.38108043504326e-07
2021-06-01 06:46:40,3050.11889648438,38.6112403869629,-102.081298828125,-0.233345881104469,2.72793531417847,6.53462222999224e-07
2021-06-01 06:46:41,3057.51098632812,38.6118392944336,-102.079818725586,-0.0960326492786407,2.71394991874695,4.19223943026736e-06
2021-06-01 06:46:42,3064.92749023438,38.6123352050781,-102.078353881836,-0.166933327913284,2.66606068611145,1.39136727739242e-06
2021-06-01 06:46:43,3072.39770507812,38.6128387451172,-102.076850891113,-0.0396252498030663,2.57616233825684,2.38110629879884e-07
2021-06-01 06:46:44,3079.97680664062,38.6132736206055,-102.075317382812,0.109289474785328,2.5188672542572,1.3881846143704e-06
2021-06-01 06:46:45,3087.74560546875,38.6136856079102,-102.073776245117,0.12612721323967,2.4385678768158,0
2021-06-01 06:46:46,3095.61181640625,38.6140365600586,-102.072219848633,-0.237072512507439,2.40572571754456,0
2021-06-01 06:46:47,3103.4375,38.6143569946289,-102.07063293457,-0.734601140022278,2.37938451766968,2.37279891734943e-07
2021-06-01 06:46:48,3111.37133789062,38.614631652832,-102.069061279297,-0.276493847370148,2.3661162853241,8.92361697424349e-07
2021-06-01 06:46:49,3119.43505859375,38.6148529052734,-102.067443847656,-0.201817497611046,2.23247456550598,0
2021-06-01 06:46:50,3127.44653320312,38.6150436401367,-102.065826416016,-0.475712150335312,2.14012098312378,0
2021-06-01 06:46:51,3135.45825195312,38.6152076721191,-102.064178466797,-0.795688569545746,2.0363450050354,0
2021-06-01 06:46:52,3143.40185546875,38.6152648925781,-102.062545776367,-0.891180396080017,2.02979707717896,0
2021-06-01 06:46:53,3151.31713867188,38.6153984069824,-102.060905456543,-1.07975971698761,2.04003953933716,0
2021-06-01 06:46:54,3159.22387695312,38.6153984069824,-102.059272766113,-0.646717131137848,1.99890697002411,0
2021-06-01 06:46:55,3167.32104492188,38.615348815918,-102.0576171875,-0.508592188358307,1.8939756155014,0
2021-06-01 06:46:56,3175.65771484375,38.6152267456055,-102.055992126465,-0.466781228780746,1.90097713470459,2.35819925364922e-07
2021-06-01 06:46:57,3184.40966796875,38.6151542663574,-102.054344177246,-0.0452064201235771,1.94704568386078,2.50510379373736e-06
2021-06-01 06:46:58,3193.52880859375,38.6150283813477,-102.052711486816,0.369700789451599,1.83688652515411,0
2021-06-01 06:46:59,3202.50073242188,38.614875793457,-102.051055908203,-0.662666141986847,2.0526819229126,1.37018400891975e-06
2021-06-01 06:47:00,3210.45825195312,38.6147117614746,-102.049423217773,-2.96323156356812,2.09067559242249,1.40598504003719e-05
2021-06-01 06:47:01,3216.8759765625,38.6145439147949,-102.047782897949,-2.93082499504089,1.83385848999023,0.00051209784578532
2021-06-01 06:47:02,3222.15991210938,38.6143798828125,-102.04615020752,-1.40935027599335,1.65885627269745,0.000740840856451541
2021-06-01 06:47:03,3227.68798828125,38.6142272949219,-102.044494628906,2.34407162666321,1.28929913043976,0.0866444930434227
2021-06-01 06:47:04,3234.94360351562,38.6141052246094,-102.042861938477,3.2134473323822,1.33161962032318,0.0999387875199318
2021-06-01 06:47:05,3244.07202148438,38.6140060424805,-102.041198730469,5.91442012786865,1.41253101825714,1.58568453788757
2021-06-01 06:47:06,3255.92700195312,38.6138534545898,-102.03955078125,6.71369934082031,1.74041569232941,1.94762897491455
2021-06-01 06:47:07,3269.849609375,38.6138343811035,-102.037887573242,5.91722536087036,1.84438705444336,1.69345664978027
2021-06-01 06:47:08,3284.82543945312,38.6136817932129,-102.036231994629,7.20405197143555,1.9798675775528,1.76911079883575
2021-06-01 06:47:09,3300.01171875,38.6136817932129,-102.034545898438,6.87618827819824,1.96318995952606,1.72176694869995
2021-06-01 06:47:10,3313.78735351562,38.6136817932129,-102.032890319824,3.64236664772034,1.75595533847809,1.67719888687134
2021-06-01 06:47:11,3324.95581054688,38.6135406494141,-102.031204223633,1.14767825603485,1.6488618850708,1.0041172504425
2021-06-01 06:47:12,3333.40087890625,38.6135101318359,-102.029525756836,1.34428071975708,0.837930798530579,0.375543743371964
2021-06-01 06:47:13,3340.83471679688,38.6135101318359,-102.027824401855,1.86745011806488,0.503948926925659,0.491572678089142
2021-06-01 06:47:14,3347.29125976562,38.6135101318359,-102.026145935059,-2.62436890602112,0.375476568937302,0.269439220428467
2021-06-01 06:47:15,3353.11596679688,38.6135101318359,-102.024436950684,-0.282921254634857,0.163489505648613,0.0779412835836411
2021-06-01 06:47:16,3359.58471679688,38.6135101318359,-102.022750854492,-0.65545380115509,0.0824393108487129,0
2021-06-01 06:47:17,3366.02490234375,38.6134910583496,-102.021041870117,-1.52727591991425,0.0935595706105232,0.0124160852283239
2021-06-01 06:47:18,3372.46899414062,38.613338470459,-102.019355773926,-0.52429586648941,-0.0602696090936661,0.00331209180876613
2021-06-01 06:47:19,3379.47924804688,38.613338470459,-102.01766204834,0.175729930400848,0.0206368248909712,0.00274153472855687
2021-06-01 06:47:20,3386.66943359375,38.613338470459,-102.015968322754,0.871085047721863,0.116969890892506,0
2021-06-01 06:47:21,3393.6591796875,38.613338470459,-102.014266967773,1.62014877796173,-0.0376314222812653,0
2021-06-01 06:47:22,3399.8291015625,38.613338470459,-102.012588500977,-0.74451607465744,-0.165823355317116,2.28297935223054e-07
2021-06-01 06:47:23,3404.49145507812,38.613338470459,-102.010879516602,-1.26258146762848,-0.0771106630563736,0
2021-06-01 06:47:24,3407.71044921875,38.613338470459,-102.009201049805,-0.681627333164215,0.0680201575160027,0
2021-06-01 06:47:25,3409.33520507812,38.613338470459,-102.007499694824,-2.18997955322266,0.143884688615799,0.0101954052224755
2021-06-01 06:47:26,3409.71020507812,38.613338470459,-102.005821228027,-1.7794144153595,0.204566553235054,0.0244076997041702
2021-06-01 06:47:27,3410.04809570312,38.613338470459,-102.004119873047,-1.73566806316376,0.533570766448975,0
2021-06-01 06:47:28,3410.89892578125,38.613338470459,-102.00244140625,-1.58382380008698,0.888802409172058,0
2021-06-01 06:47:29,3412.3037109375,38.613338470459,-102.000747680664,0.192969858646393,0.497556269168854,0
2021-06-01 06:47:30,3414.62353515625,38.613338470459,-101.999076843262,-0.379596590995789,0.354584097862244,0.0305893551558256
2021-06-01 06:47:31,3417.439453125,38.613338470459,-101.99739074707,2.47170996665955,-0.005558458622545,0.0557559467852116
2021-06-01 06:47:32,3420.97290039062,38.613338470459,-101.995712280273,1.67221474647522,-0.251660466194153,0.16604833304882
2021-06-01 06:47:33,3424.21215820312,38.613338470459,-101.994026184082,2.26856064796448,-0.367346853017807,0.0781281664967537
2021-06-01 06:47:34,3427.04418945312,38.613338470459,-101.99235534668,1.28446114063263,-0.509764969348907,0.0117766261100769
2021-06-01 06:47:35,3428.787109375,38.613338470459,-101.990653991699,0.982216477394104,-0.496677577495575,0.00496738776564598
2021-06-01 06:47:36,3429.22534179688,38.6134719848633,-101.988983154297,1.69374227523804,-0.429520428180695,0.000274575199000537
2021-06-01 06:47:37,3428.767578125,38.6135101318359,-101.9873046875,1.99549722671509,-0.546251237392426,0.0261688493192196
2021-06-01 06:47:38,3427.98559570312,38.6135101318359,-101.985618591309,2.31246566772461,-0.486176580190659,0
2021-06-01 06:47:39,3427.56811523438,38.6135101318359,-101.983924865723,2.6858651638031,-0.403117597103119,0
2021-06-01 06:47:40,3427.23217773438,38.6136016845703,-101.98225402832,1.36571609973907,-0.420027941465378,0.0018332926556468
2021-06-01 06:47:41,3426.53759765625,38.6136817932129,-101.98055267334,0.974010348320007,-0.542447209358215,0.0388578213751316
2021-06-01 06:47:42,3425.37866210938,38.6136817932129,-101.978874206543,0.31965896487236,-0.582059919834137,0.0280787106603384
2021-06-01 06:47:43,3423.51586914062,38.6138496398926,-101.977203369141,-0.503876924514771,-0.538367867469788,0.00783289223909378
2021-06-01 06:47:44,3421.08911132812,38.6138534545898,-101.975532531738,-0.116766817867756,-0.335694909095764,0.00154671282507479
2021-06-01 06:47:45,3418.59594726562,38.6139793395996,-101.973846435547,-0.226435974240303,-0.341421753168106,0.326932698488235
2021-06-01 06:47:46,3416.732421875,38.6140251159668,-101.972175598145,0.527678549289703,-0.258183658123016,0.348859667778015
2021-06-01 06:47:47,3415.69653320312,38.6141662597656,-101.970504760742,0.481787532567978,-0.461725264787674,0.519699573516846
2021-06-01 06:47:48,3415.54541015625,38.6141967773438,-101.96883392334,-0.186714246869087,-0.426679581403732,0.346014678478241
2021-06-01 06:47:49,3415.69091796875,38.6143646240234,-101.967163085938,-1.15853142738342,-0.405038237571716,0.481475710868835
2021-06-01 06:47:50,3415.69067382812,38.6144218444824,-101.96549987793,-2.27244973182678,-0.405405193567276,0.168416619300842
2021-06-01 06:47:51,3415.22509765625,38.6145401000977,-101.963829040527,-2.27819991111755,-0.467800676822662,0.347524166107178
2021-06-01 06:47:52,3414.828125,38.6146469116211,-101.962181091309,-1.16789841651917,-0.313664257526398,1.0180915594101
2021-06-01 06:47:53,3415.25708007812,38.6147193908691,-101.960510253906,1.33367991447449,0.181611686944962,1.42548954486847
2021-06-01 06:47:54,3416.91162109375,38.6148834228516,-101.958862304688,1.39270794391632,0.340080499649048,1.40627539157867
2021-06-01 06:47:55,3419.25219726562,38.6149826049805,-101.957206726074,3.14286518096924,0.616070806980133,1.59496831893921
2021-06-01 06:47:56,3422.45166015625,38.6150703430176,-101.95556640625,2.13654279708862,0.581863462924957,1.42702555656433
2021-06-01 06:47:57,3424.99389648438,38.6152267456055,-101.953910827637,2.33955311775208,0.434499382972717,1.31008231639862
2021-06-01 06:47:58,3426.91772460938,38.615306854248,-101.952278137207,2.87341260910034,0.350682020187378,1.50613284111023
2021-06-01 06:47:59,3428.08984375,38.6153984069824,-101.950630187988,3.41843175888062,0.408422261476517,1.38052952289581
2021-06-01 06:48:00,3428.24169921875,38.6155586242676,-101.948989868164,-0.953961551189423,0.482233732938766,0.631605625152588
2021-06-01 06:48:01,3426.26586914062,38.6156578063965,-101.947334289551,-2.21037125587463,0.350845456123352,0.403916776180267
2021-06-01 06:48:02,3422.41821289062,38.6157569885254,-101.94571685791,-2.80575799942017,0.377701014280319,0.154139697551727
2021-06-01 06:48:03,3416.84790039062,38.6159133911133,-101.944061279297,-2.78632020950317,0.444420278072357,0.168690353631973
2021-06-01 06:48:04,3410.56420898438,38.6160316467285,-101.942428588867,-2.14013361930847,0.182033643126488,0.0168240126222372
2021-06-01 06:48:05,3404.9287109375,38.6161575317383,-101.940780639648,-2.20379042625427,0.042375635355711,0.098558284342289
2021-06-01 06:48:06,3400.58862304688,38.616283416748,-101.939155578613,-1.32519257068634,-0.0870250090956688,0.465769410133362
2021-06-01 06:48:07,3398.4677734375,38.6164283752441,-101.937492370605,2.72224688529968,0.132674142718315,1.3642578125
2021-06-01 06:48:08,3399.71875,38.6165733337402,-101.935852050781,0.579042434692383,0.122679658234119,0.808289051055908
2021-06-01 06:48:09,3402.85302734375,38.61669921875,-101.934181213379,0.567934989929199,0.109780684113503,0.56900829076767
2021-06-01 06:48:10,3407.93432617188,38.6168098449707,-101.932548522949,1.63833928108215,0.0816174373030663,0.596805155277252
2021-06-01 06:48:11,3413.37133789062,38.616943359375,-101.930885314941,-0.475746899843216,0.0475910305976868,0.247125282883644
2021-06-01 06:48:12,3417.19287109375,38.6171035766602,-101.929237365723,-0.0809010788798332,0.0643950253725052,0.229922503232956
2021-06-01 06:48:13,3419.58154296875,38.6172027587891,-101.927581787109,1.14422929286957,0.091229610145092,0.000766436161939055
2021-06-01 06:48:14,3421.0703125,38.6173248291016,-101.925918579102,0.539359390735626,0.118514269590378,0
2021-06-01 06:48:15,3422.09423828125,38.6174583435059,-101.924255371094,-0.470289766788483,0.138852834701538,0
2021-06-01 06:48:16,3422.92065429688,38.617603302002,-101.922584533691,0.0237104054540396,0.00599405448883772,0.00145817163866013
2021-06-01 06:48:17,3423.22534179688,38.6177177429199,-101.920913696289,-0.205139964818954,-0.111895985901356,0.0659470781683922
2021-06-01 06:48:18,3423.17358398438,38.6178283691406,-101.919250488281,0.733660459518433,-0.500797867774963,0.0406142808496952
2021-06-01 06:48:19,3423.048828125,38.6179733276367,-101.917572021484,0.00898610148578882,-0.479939967393875,0
2021-06-01 06:48:20,3422.67553710938,38.618091583252,-101.915870666504,0.151109918951988,-0.516247570514679,0
2021-06-01 06:48:21,3422.24755859375,38.6181907653809,-101.914199829102,-0.148755565285683,-0.711118996143341,6.39527172552334e-07
2021-06-01 06:48:22,3421.6318359375,38.6183166503906,-101.912506103516,0.810624063014984,-0.435093551874161,0.809799671173096
2021-06-01 06:48:23,3421.89428710938,38.6184425354004,-101.91081237793,5.8191180229187,-0.09246826171875,1.58902299404144
2021-06-01 06:48:24,3423.74340820312,38.6185531616211,-101.909133911133,4.84725999832153,0.42873215675354,1.93171393871307
2021-06-01 06:48:25,3426.03979492188,38.6186599731445,-101.907424926758,5.45202398300171,0.809033155441284,2.04307341575623
2021-06-01 06:48:26,3428.95776367188,38.6188201904297,-101.905746459961,5.87109470367432,0.837313890457153,2.02112460136414
2021-06-01 06:48:27,3431.3720703125,38.6189308166504,-101.90404510498,3.60176563262939,0.799406826496124,1.7406998872757
2021-06-01 06:48:28,3432.24731445312,38.6190414428711,-101.902351379395,0.946139097213745,0.47370246052742,1.35229694843292
2021-06-01 06:48:29,3430.650390625,38.6191749572754,-101.900657653809,-0.790628671646118,0.214099436998367,0.389936864376068
2021-06-01 06:48:30,3426.20288085938,38.6193084716797,-101.898971557617,-1.37794256210327,0.0354487150907516,0
2021-06-01 06:48:31,3420.27099609375,38.6193923950195,-101.897262573242,-1.07313644886017,-0.0475734546780586,3.72701251762919e-05
2021-06-01 06:48:32,3414.01440429688,38.6195182800293,-101.89559173584,-1.49197804927826,-0.0551089085638523,2.51905930781504e-06
2021-06-01 06:48:33,3408.255859375,38.6196594238281,-101.893882751465,-1.32492995262146,0.0744653269648552,2.37595898511245e-07
2021-06-01 06:48:34,3403.65454101562,38.6197700500488,-101.892181396484,-1.24596953392029,0.136751875281334,1.38642747060658e-06
2021-06-01 06:48:35,3400.43432617188,38.6198692321777,-101.890472412109,-1.06392657756805,0.286747306585312,0
2021-06-01 06:48:36,3398.88232421875,38.6200332641602,-101.888778686523,-0.610113084316254,0.396015346050262,2.37909844713613e-07
2021-06-01 06:48:37,3399.15576171875,38.6201324462891,-101.887069702148,-0.000365365092875436,0.297157049179077,0
2021-06-01 06:48:38,3401.0419921875,38.6202049255371,-101.885368347168,0.32262310385704,0.254037737846375,0
2021-06-01 06:48:39,3403.93603515625,38.6203727722168,-101.883666992188,0.181979402899742,0.164187014102936,0
2021-06-01 06:48:40,3407.02099609375,38.6204566955566,-101.881958007812,-0.324731051921844,0.153125062584877,1.0551443665463e-05
2021-06-01 06:48:41,3409.677734375,38.620548248291,-101.880256652832,-0.272230118513107,0.0349106527864933,0
2021-06-01 06:48:42,3411.72241210938,38.6206932067871,-101.878555297852,-0.690783679485321,-0.146342724561691,0
2021-06-01 06:48:43,3413.02099609375,38.6207656860352,-101.876846313477,-0.598365843296051,-0.27498459815979,2.3698265749772e-07
2021-06-01 06:48:44,3413.91650390625,38.6208915710449,-101.875160217285,-0.961330592632294,-0.39741176366806,0
2021-06-01 06:48:45,3414.41479492188,38.6210174560547,-101.873428344727,-0.563383877277374,-0.327325373888016,0
2021-06-01 06:48:46,3414.98706054688,38.6210899353027,-101.871726989746,-0.366906732320786,-0.47175008058548,0
2021-06-01 06:48:47,3415.58740234375,38.6212348937988,-101.869995117188,0.00642844522371888,-0.398389786481857,0
2021-06-01 06:48:48,3416.50903320312,38.6213264465332,-101.868293762207,0.637706577777863,-0.283711642026901,4.66917327912597e-07
2021-06-01 06:48:49,3417.4765625,38.6214141845703,-101.866561889648,1.00279426574707,-0.251530826091766,6.28528232482495e-06
2021-06-01 06:48:50,3418.4814453125,38.6215782165527,-101.864860534668,1.33627283573151,-0.198611557483673,2.48387800638739e-06
2021-06-01 06:48:51,3419.494140625,38.6216659545898,-101.863128662109,1.21681606769562,-0.207147568464279,2.33471752153491e-07
2021-06-01 06:48:52,3420.2822265625,38.6217498779297,-101.861427307129,0.891068279743195,-0.22738029062748,6.31410966889234e-06
2021-06-01 06:48:53,3420.56225585938,38.6219177246094,-101.85969543457,0.110552400350571,-0.267964959144592,0
2021-06-01 06:48:54,3420.07470703125,38.6220016479492,-101.85799407959,0.15239018201828,-0.148417070508003,0
2021-06-01 06:48:55,3418.97021484375,38.6220932006836,-101.856262207031,0.0213796980679035,-0.158630281686783,2.32609778549886e-07
2021-06-01 06:48:56,3417.568359375,38.6222534179688,-101.854560852051,0.0879228934645653,-0.216949582099915,2.33069229693683e-07
2021-06-01 06:48:57,3416.23681640625,38.6223373413086,-101.85279083252,-0.0495132952928543,-0.3871189057827,2.71376552518632e-06
2021-06-01 06:48:58,3415.22998046875,38.6224365234375,-101.851089477539,-0.51703017950058,-0.458850830793381,0
2021-06-01 06:48:59,3414.48364257812,38.6225776672363,-101.849365234375,-0.496087819337845,-0.0577129833400249,0
2021-06-01 06:49:00,3414.03979492188,38.6226615905762,-101.84765625,-0.224034801125526,0.357285022735596,0
2021-06-01 06:49:01,3413.83154296875,38.6227798461914,-101.845924377441,-0.208714157342911,0.464732259511948,2.24065515794791e-05
2021-06-01 06:49:02,3413.92822265625,38.6228981018066,-101.844223022461,0.227915823459625,0.595889091491699,0
2021-06-01 06:49:03,3414.43359375,38.6229858398438,-101.842491149902,0.405012220144272,0.748209655284882,0
2021-06-01 06:49:04,3415.09423828125,38.6231231689453,-101.840789794922,-0.029245862737298,0.569873452186584,6.34043885838764e-07
2021-06-01 06:49:05,3415.62573242188,38.6232376098633,-101.839065551758,0.231527119874954,0.443433880805969,0
2021-06-01 06:49:06,3416.07275390625,38.6233329772949,-101.837394714355,0.0997877940535545,0.540766537189484,4.67747895527282e-06
2021-06-01 06:49:07,3416.34936523438,38.6234664916992,-101.835662841797,-0.193317666649818,0.725129783153534,0
2021-06-01 06:49:08,3416.42993164062,38.6236000061035,-101.833992004395,-0.654832303524017,0.816147089004517,0
2021-06-01 06:49:09,3416.18432617188,38.6236991882324,-101.83226776123,-0.981375336647034,0.908351838588715,0
2021-06-01 06:49:10,3415.69360351562,38.6238098144531,-101.830581665039,-0.599571943283081,0.905281901359558,0
2021-06-01 06:49:11,3415.16259765625,38.623950958252,-101.828887939453,-0.114910461008549,0.91983425617218,0
2021-06-01 06:49:12,3414.888671875,38.6240615844727,-101.827201843262,0.303186058998108,0.879431664943695,0
2021-06-01 06:49:13,3415.00463867188,38.6241722106934,-101.825508117676,0.384180039167404,0.812465310096741,2.33833702623087e-07
2021-06-01 06:49:14,3415.34252929688,38.624324798584,-101.823837280273,0.213350832462311,0.725839972496033,0
2021-06-01 06:49:15,3415.73608398438,38.624439239502,-101.822151184082,0.352049320936203,0.611972153186798,0
2021-06-01 06:49:16,3416.21435546875,38.6245498657227,-101.82048034668,0.705636739730835,0.518620789051056,0
2021-06-01 06:49:17,3416.77124023438,38.6246757507324,-101.818794250488,0.639134168624878,0.490812063217163,0
2021-06-01 06:49:18,3417.32470703125,38.6248397827148,-101.81713104248,0.750208377838135,0.507716178894043,0
2021-06-01 06:49:19,3417.7587890625,38.6249542236328,-101.815460205078,0.392306506633759,0.503107488155365,0
2021-06-01 06:49:20,3417.82202148438,38.6250762939453,-101.813789367676,0.198032632470131,0.501534223556519,0
2021-06-01 06:49:21,3417.58618164062,38.6251907348633,-101.812118530273,-0.0437587201595306,0.54942262172699,0
2021-06-01 06:49:22,3416.98583984375,38.6253547668457,-101.81046295166,-0.112188152968884,0.598638236522675,0
2021-06-01 06:49:23,3416.18041992188,38.6254692077637,-101.80876159668,-0.0632436349987984,0.639929592609406,4.15630665884237e-06
2021-06-01 06:49:24,3415.4287109375,38.6255798339844,-101.807090759277,-0.149580791592598,0.656374514102936,0
2021-06-01 06:49:25,3414.80493164062,38.6256980895996,-101.805419921875,-0.097935289144516,0.686888635158539,0
2021-06-01 06:49:26,3414.3701171875,38.6258583068848,-101.803764343262,-0.240549758076668,0.750781774520874,0
2021-06-01 06:49:27,3414.04833984375,38.6259155273438,-101.80207824707,-0.195056691765785,0.836693227291107,0
2021-06-01 06:49:28,3413.85595703125,38.6260414123535,-101.800399780273,-0.109159715473652,0.914755463600159,6.45135628474236e-07
2021-06-01 06:49:29,3413.77124023438,38.6260414123535,-101.798721313477,-0.1942108720541,0.949096977710724,0
2021-06-01 06:49:30,3413.908203125,38.6261596679688,-101.79704284668,-0.139331072568893,0.95564341545105,0
2021-06-01 06:49:31,3414.06665039062,38.6262130737305,-101.795356750488,-0.15560108423233,0.95177811384201,0
2021-06-01 06:49:32,3414.21899414062,38.6262130737305,-101.793678283691,-0.248388022184372,0.941179752349854,0
2021-06-01 06:49:33,3414.24389648438,38.6261405944824,-101.7919921875,-0.241958364844322,0.952463448047638,0
2021-06-01 06:49:34,3414.05859375,38.6260414123535,-101.790321350098,-0.142572551965714,0.924652874469757,0
2021-06-01 06:49:35,3413.74243164062,38.6259803771973,-101.788642883301,-0.0995709151029587,0.911260008811951,0
2021-06-01 06:49:36,3413.47314453125,38.6258430480957,-101.786972045898,-0.155954867601395,0.929511606693268,6.43866826521844e-07
2021-06-01 06:49:37,3413.44091796875,38.6256523132324,-101.785301208496,-0.145890936255455,0.913771748542786,6.43963517177326e-07
2021-06-01 06:49:38,3413.79638671875,38.6254348754883,-101.783638000488,-0.188283517956734,0.916317522525787,0
2021-06-01 06:49:39,3414.59375,38.6251564025879,-101.781982421875,-0.19343838095665,0.912661850452423,0
2021-06-01 06:49:40,3415.6904296875,38.6248664855957,-101.780349731445,-0.0842551067471504,0.863016963005066,0
2021-06-01 06:49:41,3416.86401367188,38.6245613098145,-101.778709411621,0.0312082041054964,0.804849743843079,0
2021-06-01 06:49:42,3417.91552734375,38.6242446899414,-101.77710723877,0.076305590569973,0.803632318973541,2.49948470809613e-06
2021-06-01 06:49:43,3418.71313476562,38.6239013671875,-101.775451660156,0.041729636490345,0.855381488800049,0
2021-06-01 06:49:44,3419.04956054688,38.6235733032227,-101.77384185791,0.0434863120317459,0.881321549415588,0
2021-06-01 06:49:45,3418.78784179688,38.6232414245605,-101.772201538086,0.282753825187683,0.921087265014648,0
2021-06-01 06:49:46,3418.09765625,38.6229248046875,-101.770584106445,0.625743806362152,0.970009088516235,0
2021-06-01 06:49:47,3417.21704101562,38.6226081848145,-101.768936157227,0.864147543907166,0.991280674934387,0
2021-06-01 06:49:48,3416.32299804688,38.6223297119141,-101.767303466797,0.914236605167389,1.03127729892731,0
2021-06-01 06:49:49,3415.517578125,38.6220512390137,-101.765647888184,0.901163816452026,0.991903424263,0
2021-06-01 06:49:50,3414.806640625,38.6218414306641,-101.76399230957,0.709374368190765,0.880837142467499,0
2021-06-01 06:49:51,3414.19946289062,38.6216506958008,-101.762313842773,0.630559086799622,0.729154586791992,0
2021-06-01 06:49:52,3413.87353515625,38.621524810791,-101.760650634766,0.705006539821625,0.566222608089447,4.16189459429006e-06
2021-06-01 06:49:53,3413.95263671875,38.6214065551758,-101.758979797363,0.999066948890686,0.457205891609192,0
2021-06-01 06:49:54,3414.5869140625,38.6214065551758,-101.757308959961,0.976725041866302,0.336102515459061,0
2021-06-01 06:49:55,3415.732421875,38.6214065551758,-101.75562286377,0.881743609905243,0.255461484193802,0
2021-06-01 06:49:56,3417.17724609375,38.6214065551758,-101.753959655762,0.588682889938354,0.198344960808754,0
2021-06-01 06:49:57,3418.73510742188,38.6215209960938,-101.752288818359,0.434314221143723,0.294785678386688,0
2021-06-01 06:49:58,3420.26220703125,38.6216430664062,-101.750617980957,0.394861966371536,0.450787663459778,4.72694495101678e-07
2021-06-01 06:49:59,3421.48388671875,38.6218376159668,-101.748947143555,0.796331524848938,0.613619208335876,0
2021-06-01 06:50:00,3422.18774414062,38.6220397949219,-101.747299194336,0.878007769584656,0.684542596340179,NaN
2021-06-01 06:50:01,3422.33813476562,38.6223182678223,-101.745643615723,0.875070929527283,0.738459050655365,0
2021-06-01 06:50:02,3422.00927734375,38.6226081848145,-101.744010925293,0.600670635700226,0.803774118423462,0
2021-06-01 06:50:03,3421.3427734375,38.6229515075684,-101.742393493652,0.182652488350868,0.886569499969482,0
2021-06-01 06:50:04,3420.47143554688,38.6233215332031,-101.74080657959,-0.272267878055573,0.827105641365051,2.33281255646034e-07
2021-06-01 06:50:05,3419.5302734375,38.6237640380859,-101.739189147949,-0.374604940414429,0.782175600528717,0
2021-06-01 06:50:06,3418.66235351562,38.6242332458496,-101.737609863281,-0.400442838668823,0.754738092422485,0
2021-06-01 06:50:07,3417.96826171875,38.6247291564941,-101.736053466797,-0.140788450837135,0.771353483200073,0
2021-06-01 06:50:08,3417.46826171875,38.6252899169922,-101.734535217285,0.0470780804753304,0.646646082401276,0
2021-06-01 06:50:09,3417.0576171875,38.6258735656738,-101.733032226562,-0.0663729459047318,0.467284619808197,2.3406857962982e-07
2021-06-01 06:50:10,3416.61206054688,38.6264762878418,-101.731559753418,-0.426146328449249,0.304413765668869,0
2021-06-01 06:50:11,3416.14208984375,38.6271591186523,-101.730133056641,-0.249434426426888,0.233001932501793,4.11924565923982e-06
2021-06-01 06:50:12,3415.80151367188,38.6278648376465,-101.728706359863,-0.15824893116951,0.162321001291275,0
2021-06-01 06:50:13,3415.51684570312,38.6285934448242,-101.727310180664,-0.113240882754326,0.0809704288840294,0
2021-06-01 06:50:14,3415.43627929688,38.6293563842773,-101.725959777832,-0.0827769190073013,0.0240972992032766,0
2021-06-01 06:50:15,3415.71655273438,38.6301689147949,-101.724655151367,-0.370538890361786,-0.0250938963145018,0
2021-06-01 06:50:16,3416.22973632812,38.6309928894043,-101.723373413086,-0.375747889280319,-0.0433649569749832,0
2021-06-01 06:50:17,3416.87524414062,38.6318817138672,-101.722137451172,-0.296887904405594,-0.0633715838193893,0
2021-06-01 06:50:18,3417.51904296875,38.6327896118164,-101.720947265625,-0.466503500938416,-0.0497603304684162,0
2021-06-01 06:50:19,3418.13061523438,38.633716583252,-101.719772338867,-0.427828341722488,0.162509590387344,1.60334957399755e-06
2021-06-01 06:50:20,3418.68627929688,38.6346778869629,-101.718673706055,-0.276307106018066,0.359485447406769,1.36580149501242e-06
2021-06-01 06:50:21,3419.14965820312,38.6356735229492,-101.717597961426,0.0634346380829811,0.473310023546219,2.33890531831094e-07
2021-06-01 06:50:22,3419.47583007812,38.6366996765137,-101.71656036377,0.42723536491394,0.593346834182739,0
2021-06-01 06:50:23,3419.61010742188,38.6377182006836,-101.71558380127,0.318840771913528,0.630936741828918,0
2021-06-01 06:50:24,3419.53076171875,38.638786315918,-101.714630126953,0.221149444580078,0.654142737388611,0
2021-06-01 06:50:25,3419.29638671875,38.639892578125,-101.713737487793,0.0401365235447884,0.66905415058136,0
2021-06-01 06:50:26,3419.18139648438,38.6410179138184,-101.712905883789,-0.236720755696297,0.65199738740921,0
2021-06-01 06:50:27,3419.6171875,38.642162322998,-101.712097167969,-0.567562520503998,0.660765469074249,0
2021-06-01 06:50:28,3420.90698242188,38.6432991027832,-101.711372375488,-0.473012357950211,0.656832456588745,0
2021-06-01 06:50:29,3423.23608398438,38.644474029541,-101.710670471191,-0.602154731750488,0.621540427207947,0
2021-06-01 06:50:30,3426.673828125,38.6456756591797,-101.710052490234,-0.628531992435455,0.567141652107239,2.3488644274039e-07
2021-06-01 06:50:31,3431.20458984375,38.6468887329102,-101.709487915039,-0.467058151960373,0.51145601272583,0
2021-06-01 06:50:32,3436.64306640625,38.6481094360352,-101.708984375,-0.214626178145409,0.504830479621887,1.36634366754151e-06
2021-06-01 06:50:33,3442.529296875,38.6493530273438,-101.708518981934,-0.228266730904579,0.446484982967377,0
2021-06-01 06:50:34,3448.44921875,38.6506042480469,-101.708122253418,0.0410754084587097,0.42342820763588,0
2021-06-01 06:50:35,3454.21655273438,38.65185546875,-101.707778930664,-0.120861046016216,0.378412634134293,0
2021-06-01 06:50:36,3459.74633789062,38.6531257629395,-101.707504272461,-0.245810508728027,0.313450694084167,0
2021-06-01 06:50:37,3465.03637695312,38.6543846130371,-101.707244873047,-0.116464473307133,0.256434440612793,0
2021-06-01 06:50:38,3470.1318359375,38.6556739807129,-101.707084655762,0.176148533821106,0.219972789287567,0
2021-06-01 06:50:39,3475.13598632812,38.6569595336914,-101.706962585449,0.399500638246536,0.189121037721634,0
2021-06-01 06:50:40,3480.09741210938,38.6582489013672,-101.706909179688,0.428526937961578,0.157266482710838,0
2021-06-01 06:50:41,3484.99169921875,38.6595344543457,-101.706809997559,0.058096032589674,0.101879857480526,0
2021-06-01 06:50:42,3489.828125,38.6608238220215,-101.706962585449,-0.235550776124001,0.172771587967873,0
2021-06-01 06:50:43,3494.56591796875,38.662109375,-101.706985473633,-0.283159166574478,0.308247864246368,0
2021-06-01 06:50:44,3499.26318359375,38.6633987426758,-101.707160949707,-0.366984099149704,0.384731978178024,0
2021-06-01 06:50:45,3503.96020507812,38.6646690368652,-101.707366943359,-0.472716689109802,0.42651754617691,0
2021-06-01 06:50:46,3508.6328125,38.6659355163574,-101.707618713379,-0.59522408246994,0.417215704917908,0
2021-06-01 06:50:47,3513.26831054688,38.6672058105469,-101.707939147949,-0.318601965904236,0.401351541280746,2.33806503047163e-07
2021-06-01 06:50:48,3517.89331054688,38.66845703125,-101.708305358887,-0.371910721063614,0.328363984823227,0
2021-06-01 06:50:49,3522.52905273438,38.6696929931641,-101.708740234375,-0.247317388653755,0.270474314689636,0
2021-06-01 06:50:50,3527.23583984375,38.6709251403809,-101.70922088623,-0.0789521560072899,0.208821341395378,0
2021-06-01 06:50:51,3532.01782226562,38.6721496582031,-101.709754943848,0.0218690391629934,0.142141193151474,0
2021-06-01 06:50:52,3536.93627929688,38.67333984375,-101.710342407227,0.0955552235245705,0.0946454629302025,0
2021-06-01 06:50:53,3541.98852539062,38.6745262145996,-101.710975646973,-0.260010182857513,0.0234667211771011,0
2021-06-01 06:50:54,3547.18994140625,38.6756935119629,-101.711654663086,0.247135072946548,0.00924416352063417,0
2021-06-01 06:50:55,3552.54638671875,38.6768531799316,-101.712409973145,0.564026594161987,-0.0189831722527742,0
2021-06-01 06:50:56,3558.0146484375,38.6779747009277,-101.71321105957,0.577162623405457,-0.0494506284594536,0
2021-06-01 06:50:57,3563.4580078125,38.6790885925293,-101.714050292969,0.487412542104721,-0.077175110578537,0
2021-06-01 06:50:58,3568.78686523438,38.6801567077637,-101.714935302734,0.472378343343735,-0.0870045199990273,0
2021-06-01 06:50:59,3573.97973632812,38.6812324523926,-101.715866088867,0.531113684177399,-0.138251841068268,0
2021-06-01 06:51:00,3579.02197265625,38.6822814941406,-101.716865539551,0.511929512023926,-0.155240938067436,1.35996435801644e-06
2021-06-01 06:51:01,3583.80126953125,38.6832885742188,-101.717864990234,0.508502423763275,-0.183404251933098,0
2021-06-01 06:51:02,3588.44506835938,38.6842613220215,-101.718940734863,0.613960802555084,-0.185977220535278,0
2021-06-01 06:51:03,3593.08715820312,38.6852264404297,-101.720062255859,0.622374951839447,-0.16804264485836,0
2021-06-01 06:51:04,3597.77587890625,38.686164855957,-101.721199035645,0.608295023441315,-0.152192011475563,0
2021-06-01 06:51:05,3602.53076171875,38.6870574951172,-101.72240447998,0.240688443183899,-0.179982900619507,2.48267497227062e-06
2021-06-01 06:51:06,3607.30053710938,38.6879043579102,-101.723625183105,-0.0298567563295364,-0.187369167804718,0
2021-06-01 06:51:07,3611.962890625,38.6887588500977,-101.724906921387,-0.355721354484558,-0.185862764716148,0
2021-06-01 06:51:08,3616.65014648438,38.6895446777344,-101.726203918457,-0.397090673446655,-0.176765009760857,0
2021-06-01 06:51:09,3621.28002929688,38.6903190612793,-101.7275390625,-0.555845201015472,-0.220513418316841,0
2021-06-01 06:51:10,3626.06494140625,38.691047668457,-101.728912353516,-0.420521080493927,-0.248344287276268,0
2021-06-01 06:51:11,3630.86547851562,38.691722869873,-101.730316162109,0.0169868506491184,-0.256324410438538,0
2021-06-01 06:51:12,3635.66333007812,38.6923828125,-101.731735229492,-0.0882632732391357,-0.406768172979355,0
2021-06-01 06:51:13,3640.6005859375,38.6929893493652,-101.733200073242,-0.112863332033157,-0.544869244098663,0
2021-06-01 06:51:14,3645.69482421875,38.6935691833496,-101.73469543457,0.316956907510757,-0.589985430240631,0
2021-06-01 06:51:15,3650.89575195312,38.6941070556641,-101.736206054688,0.515112638473511,-0.612586200237274,0
2021-06-01 06:51:16,3656.1455078125,38.6945877075195,-101.737739562988,0.681334495544434,-0.651853501796722,0
2021-06-01 06:51:17,3661.36303710938,38.6950645446777,-101.739295959473,0.350123941898346,-0.69448047876358,0
2021-06-01 06:51:18,3666.53735351562,38.6954727172852,-101.74089050293,0.0466731339693069,-0.566616773605347,0
2021-06-01 06:51:19,3671.59716796875,38.6958541870117,-101.742462158203,-0.0608232244849205,-0.451893597841263,0
2021-06-01 06:51:20,3676.65356445312,38.6961708068848,-101.744071960449,-0.245519623160362,-0.365227192640305,0
2021-06-01 06:51:21,3681.78442382812,38.696475982666,-101.745719909668,-0.363925516605377,-0.195197761058807,0
2021-06-01 06:51:22,3686.95776367188,38.6967124938965,-101.747344970703,-0.467778384685516,-0.134192273020744,0
2021-06-01 06:51:23,3691.95922851562,38.696964263916,-101.749000549316,-0.558745622634888,-0.110307618975639,0
2021-06-01 06:51:24,3696.68041992188,38.6971740722656,-101.75065612793,-0.724664151668549,-0.0438047088682652,0
2021-06-01 06:51:25,3700.96655273438,38.6973686218262,-101.752311706543,-0.677521347999573,0.035356380045414,0
2021-06-01 06:51:26,3704.9287109375,38.6975440979004,-101.753974914551,-0.900533497333527,-0.0264306478202343,0
2021-06-01 06:51:27,3708.712890625,38.6977233886719,-101.755630493164,-0.871411144733429,-0.0770561918616295,0
2021-06-01 06:51:28,3712.59448242188,38.6979026794434,-101.757301330566,-0.648934125900269,-0.136912494897842,0
2021-06-01 06:51:29,3716.76708984375,38.6980934143066,-101.758949279785,-0.451964557170868,-0.177768707275391,0
2021-06-01 06:51:30,3721.28979492188,38.6982727050781,-101.760612487793,-0.341352164745331,-0.199734747409821,0
2021-06-01 06:51:31,3726.01806640625,38.6984710693359,-101.762268066406,-0.358615398406982,-0.174849525094032,0
2021-06-01 06:51:32,3730.86010742188,38.6986808776855,-101.763916015625,-0.451181620359421,-0.143898069858551,0
2021-06-01 06:51:33,3735.70385742188,38.698860168457,-101.765571594238,-0.574244379997253,-0.123318314552307,0
2021-06-01 06:51:34,3740.50708007812,38.6990356445312,-101.767227172852,-0.703042089939117,-0.137199401855469,0
2021-06-01 06:51:35,3745.234375,38.6992034912109,-101.768882751465,-0.713407218456268,-0.160129189491272,0
2021-06-01 06:51:36,3749.9365234375,38.6993789672852,-101.770553588867,-0.640531420707703,-0.191168799996376,0
2021-06-01 06:51:37,3754.62182617188,38.6995468139648,-101.77220916748,-0.582183122634888,-0.22885537147522,0
2021-06-01 06:51:38,3759.3134765625,38.6997222900391,-101.773872375488,-0.480094850063324,-0.259120762348175,0
2021-06-01 06:51:39,3764.01342773438,38.6998901367188,-101.775527954102,-0.371023267507553,-0.264185100793839,0
2021-06-01 06:51:40,3768.7548828125,38.700065612793,-101.777183532715,-0.200968876481056,-0.288959145545959,0
2021-06-01 06:51:41,3773.51391601562,38.7002334594727,-101.778839111328,0.085649847984314,-0.316439598798752,0
2021-06-01 06:51:42,3778.38549804688,38.7004089355469,-101.780517578125,0.360100984573364,-0.326485216617584,0
2021-06-01 06:51:43,3783.42626953125,38.7005767822266,-101.782180786133,0.498230904340744,-0.382287412881851,0
2021-06-01 06:51:44,3788.583984375,38.7007293701172,-101.783828735352,0.762989282608032,-0.424401819705963,0
2021-06-01 06:51:45,3793.7041015625,38.7008857727051,-101.785499572754,0.943162083625793,-0.461013495922089,0
2021-06-01 06:51:46,3798.67138671875,38.7010459899902,-101.787178039551,0.844176888465881,-0.532101094722748,0
2021-06-01 06:51:47,3803.43237304688,38.7011451721191,-101.788879394531,0.832647681236267,-0.521793246269226,0
2021-06-01 06:51:48,3808.04541015625,38.701229095459,-101.790565490723,0.835200130939484,-0.433369815349579,0
2021-06-01 06:51:49,3812.55834960938,38.701229095459,-101.79224395752,0.87488979101181,-0.35979038476944,0
2021-06-01 06:51:50,3817.35473632812,38.701229095459,-101.7939453125,1.00410985946655,-0.311023205518723,0
2021-06-01 06:51:51,3822.41357421875,38.701229095459,-101.795639038086,0.932983577251434,-0.302910149097443,0
2021-06-01 06:51:52,3827.65966796875,38.7012138366699,-101.797348022461,0.956933379173279,-0.304390102624893,2.25505245907698e-05
2021-06-01 06:51:53,3833.07543945312,38.701057434082,-101.799049377441,0.800609946250916,-0.337899178266525,0
2021-06-01 06:51:54,3838.55712890625,38.7009124755859,-101.800758361816,0.632721602916718,-0.376700192689896,0
2021-06-01 06:51:55,3844.08349609375,38.7007141113281,-101.802452087402,0.139808088541031,-0.410595268011093,0
2021-06-01 06:51:56,3849.67822265625,38.7004776000977,-101.804138183594,-0.145361810922623,-0.460415720939636,0
2021-06-01 06:51:57,3855.32250976562,38.7002258300781,-101.805816650391,-0.224866852164268,-0.526072084903717,0
2021-06-01 06:51:58,3860.91186523438,38.6999359130859,-101.807502746582,-0.288286715745926,-0.595114529132843,0
2021-06-01 06:51:59,3866.33715820312,38.6996154785156,-101.809188842773,-0.303425043821335,-0.676272809505463,0
2021-06-01 06:52:00,3871.60546875,38.6993141174316,-101.810859680176,-0.397678673267365,-0.769001066684723,0
2021-06-01 06:52:01,3876.6484375,38.6989707946777,-101.812522888184,-0.406451970338821,-0.87323933839798,0
2021-06-01 06:52:02,3881.56958007812,38.6986427307129,-101.81420135498,-0.404838651418686,-0.986935794353485,0
2021-06-01 06:52:03,3886.36743164062,38.6982841491699,-101.815849304199,-0.28277787566185,-1.09987211227417,2.30197585437963e-07
2021-06-01 06:52:04,3891.14208984375,38.6979141235352,-101.817512512207,-0.23038524389267,-1.20397710800171,0
2021-06-01 06:52:05,3895.95092773438,38.6975364685059,-101.819183349609,-0.143765717744827,-1.25490784645081,0
2021-06-01 06:52:06,3900.951171875,38.6971473693848,-101.820838928223,0.140347987413406,-1.24172747135162,3.38463250955101e-05
2021-06-01 06:52:07,3906.22192382812,38.69677734375,-101.822509765625,0.215601101517677,-1.13437962532043,0
2021-06-01 06:52:08,3911.7333984375,38.6963958740234,-101.824157714844,-0.0174415949732065,-1.11089515686035,0
2021-06-01 06:52:09,3917.2578125,38.6960067749023,-101.825813293457,-0.240207999944687,-1.11210381984711,2.21732352656545e-05
2021-06-01 06:52:10,3922.62939453125,38.6956024169922,-101.82746887207,-0.297120332717896,-1.09772527217865,1.32976447275723e-06
2021-06-01 06:52:11,3927.6884765625,38.6952209472656,-101.829124450684,-0.332147032022476,-1.09059381484985,2.28266202384475e-07
2021-06-01 06:52:12,3932.45361328125,38.69482421875,-101.830772399902,-0.560204923152924,-1.13518035411835,0
2021-06-01 06:52:13,3936.99731445312,38.694408416748,-101.83243560791,-0.69495153427124,-1.16627871990204,2.27928978802083e-07
2021-06-01 06:52:14,3941.47509765625,38.6939926147461,-101.834075927734,-0.638715088367462,-1.18277037143707,0
2021-06-01 06:52:15,3946.0166015625,38.6935882568359,-101.835723876953,-0.688764154911041,-1.19623613357544,0
2021-06-01 06:52:16,3950.70239257812,38.6931610107422,-101.837356567383,-0.782337129116058,-1.1973911523819,2.27619580073224e-07
2021-06-01 06:52:17,3955.54760742188,38.6927185058594,-101.839012145996,-0.806569457054138,-1.20831477642059,0
2021-06-01 06:52:18,3960.56079101562,38.6922760009766,-101.840644836426,-0.49866458773613,-1.22321081161499,0
2021-06-01 06:52:19,3965.81323242188,38.6918182373047,-101.842277526855,-0.121654562652111,-1.23561227321625,0
2021-06-01 06:52:20,3971.32934570312,38.6913642883301,-101.843910217285,-0.0462851636111736,-1.24488413333893,0
2021-06-01 06:52:21,3977.06201171875,38.6909103393555,-101.84553527832,0.137667194008827,-1.24386751651764,0
2021-06-01 06:52:22,3982.93090820312,38.6904258728027,-101.847160339355,0.33986097574234,-1.2898371219635,1.32729383039987e-06
2021-06-01 06:52:23,3988.77612304688,38.6899452209473,-101.848785400391,0.320479154586792,-1.38094639778137,0
2021-06-01 06:52:24,3994.46899414062,38.6894645690918,-101.850402832031,0.225121513009071,-1.46507227420807,6.24089580014697e-07
2021-06-01 06:52:25,3999.95434570312,38.6889686584473,-101.852020263672,0.115500219166279,-1.53459906578064,2.27377782380245e-07
2021-06-01 06:52:26,4005.22998046875,38.6884613037109,-101.853630065918,0.0684736371040344,-1.59046983718872,0
2021-06-01 06:52:27,4010.33032226562,38.6879653930664,-101.855239868164,-0.071304015815258,-1.64195346832275,0
2021-06-01 06:52:28,4015.20849609375,38.687442779541,-101.85684967041,-0.050516415387392,-1.6986358165741,0
2021-06-01 06:52:29,4019.89794921875,38.6869354248047,-101.858459472656,0.314702421426773,-1.71230018138885,0
2021-06-01 06:52:30,4024.35986328125,38.6864013671875,-101.860061645508,0.428934663534164,-1.69967007637024,0
2021-06-01 06:52:31,4028.45434570312,38.685863494873,-101.861671447754,0.0900825783610344,-1.7414847612381,6.21894059804617e-07
2021-06-01 06:52:32,4032.00537109375,38.6853294372559,-101.863265991211,-0.0428938865661621,-1.733283162117,8.48386321194994e-07
2021-06-01 06:52:33,4034.8974609375,38.6847953796387,-101.864852905273,0.193643555045128,-1.76502418518066,0
2021-06-01 06:52:34,4037.2412109375,38.6842613220215,-101.86646270752,0.513509392738342,-1.7786318063736,0
2021-06-01 06:52:35,4039.142578125,38.6837196350098,-101.868057250977,0.630216062068939,-1.7340042591095,0
2021-06-01 06:52:36,4040.74658203125,38.683177947998,-101.86962890625,0.56985992193222,-1.72670996189117,0
2021-06-01 06:52:37,4041.9111328125,38.6826438903809,-101.871246337891,0.441294819116592,-1.72128081321716,0
2021-06-01 06:52:38,4042.57983398438,38.6820678710938,-101.872856140137,0.30613499879837,-1.73969972133636,0
2021-06-01 06:52:39,4042.81298828125,38.6815338134766,-101.874420166016,0.110051713883877,-1.76258552074432,2.26552074877873e-07
2021-06-01 06:52:40,4042.73486328125,38.6809997558594,-101.876022338867,0.0066664326004684,-1.78071582317352,0
2021-06-01 06:52:41,4042.48046875,38.6804313659668,-101.877593994141,-0.332567453384399,-1.78911137580872,6.13121392234461e-06
2021-06-01 06:52:42,4042.1953125,38.6798782348633,-101.879203796387,-0.164057344198227,-1.82759416103363,0
2021-06-01 06:52:43,4042.02587890625,38.6793403625488,-101.880783081055,-0.0595539174973965,-1.82305252552032,0
2021-06-01 06:52:44,4042.11865234375,38.6787796020508,-101.882362365723,0.449926376342773,-1.77638602256775,0
2021-06-01 06:52:45,4042.41845703125,38.6782264709473,-101.883949279785,0.701152801513672,-1.78599941730499,0
2021-06-01 06:52:46,4042.83740234375,38.6776847839355,-101.885543823242,0.686688005924225,-1.81296813488007,0
2021-06-01 06:52:47,4043.33056640625,38.6771087646484,-101.88712310791,0.292631357908249,-1.9184250831604,2.27601177016368e-07
2021-06-01 06:52:48,4043.83276367188,38.6765747070312,-101.888687133789,0.328891575336456,-1.96494388580322,2.2793140885824e-07
2021-06-01 06:52:49,4044.30786132812,38.6760330200195,-101.890289306641,0.106311611831188,-2.00759339332581,6.26833298156271e-07
2021-06-01 06:52:50,4044.59423828125,38.6754531860352,-101.891868591309,-0.414840251207352,-2.12963819503784,6.26175960860564e-07
2021-06-01 06:52:51,4044.55712890625,38.674919128418,-101.893432617188,-0.651763260364532,-2.2529993057251,0
2021-06-01 06:52:52,4044.36157226562,38.6743431091309,-101.895011901855,0.216395810246468,-2.34866046905518,0
2021-06-01 06:52:53,4044.28393554688,38.6738090515137,-101.896606445312,-0.000687971245497465,-2.33662176132202,0
2021-06-01 06:52:54,4044.05249023438,38.6732330322266,-101.898170471191,-0.123940818011761,-2.31038737297058,0
2021-06-01 06:52:55,4043.978515625,38.6726875305176,-101.899757385254,0.339038044214249,-2.22095584869385,0
2021-06-01 06:52:56,4043.88452148438,38.6721382141113,-101.901336669922,-0.455383151769638,-2.23699522018433,0
2021-06-01 06:52:57,4043.83569335938,38.6715774536133,-101.902900695801,-0.219990938901901,-2.19627714157104,0
2021-06-01 06:52:58,4043.94897460938,38.671028137207,-101.904479980469,0.213167324662209,-2.12128853797913,0
2021-06-01 06:52:59,4044.15380859375,38.6704559326172,-101.906066894531,-0.095816895365715,-2.14533591270447,0
2021-06-01 06:53:00,4044.3798828125,38.669921875,-101.907646179199,-0.0828158035874367,-2.11169672012329,0
2021-06-01 06:53:01,4044.66943359375,38.6693458557129,-101.909217834473,0.150631085038185,-2.096515417099,0
2021-06-01 06:53:02,4044.96655273438,38.6688117980957,-101.910789489746,-0.0193357933312654,-2.04400587081909,0
2021-06-01 06:53:03,4045.18969726562,38.6682434082031,-101.912384033203,0.0525094084441662,-2.02830481529236,2.28554270620407e-07
2021-06-01 06:53:04,4045.34448242188,38.6676902770996,-101.913963317871,0.0315419472754002,-2.02937626838684,0
2021-06-01 06:53:05,4045.43530273438,38.6671524047852,-101.915550231934,0.734227120876312,-1.99124956130981,0
2021-06-01 06:53:06,4045.482421875,38.6665916442871,-101.917144775391,0.617961704730988,-1.97369086742401,0
2021-06-01 06:53:07,4045.44213867188,38.6660385131836,-101.91870880127,-0.122172191739082,-2.01325368881226,2.28864436735421e-07
2021-06-01 06:53:08,4045.28198242188,38.6654968261719,-101.920295715332,-0.279379665851593,-2.05413150787354,0
2021-06-01 06:53:09,4045.08081054688,38.6649360656738,-101.921882629395,-0.3763228058815,-2.07892799377441,0
2021-06-01 06:53:10,4044.86743164062,38.6643867492676,-101.923492431641,-0.581284046173096,-2.10404372215271,0
2021-06-01 06:53:11,4044.64599609375,38.6638526916504,-101.92505645752,-0.567781090736389,-2.13353204727173,0
2021-06-01 06:53:12,4044.4521484375,38.6632766723633,-101.926651000977,-0.575533628463745,-2.15158557891846,0
2021-06-01 06:53:13,4044.33056640625,38.6627311706543,-101.928237915039,-0.397779077291489,-2.18375134468079,0
2021-06-01 06:53:14,4044.34130859375,38.662181854248,-101.929847717285,-0.244792610406876,-2.16790223121643,0
2021-06-01 06:53:15,4044.51342773438,38.66162109375,-101.931411743164,-0.100271672010422,-2.16906881332397,0
2021-06-01 06:53:16,4044.82275390625,38.6610870361328,-101.933013916016,-0.0085868826135993,-2.19615125656128,0
2021-06-01 06:53:17,4045.27392578125,38.660530090332,-101.934600830078,0.255529910326004,-2.19179058074951,0
2021-06-01 06:53:18,4045.87939453125,38.6599655151367,-101.936195373535,0.365850269794464,-2.17179131507874,0
2021-06-01 06:53:19,4046.57275390625,38.6594276428223,-101.937789916992,0.372372925281525,-2.12858748435974,0
2021-06-01 06:53:20,4047.154296875,38.6588935852051,-101.93936920166,0.257812440395355,-2.10734152793884,2.25365738515393e-07
2021-06-01 06:53:21,4047.6484375,38.6583137512207,-101.940963745117,0.263691276311874,-2.08875393867493,0
2021-06-01 06:53:22,4047.92993164062,38.657772064209,-101.94255065918,0.392089396715164,-2.08595490455627,0
2021-06-01 06:53:23,4048.00317382812,38.6572113037109,-101.944152832031,0.534035980701447,-2.05974102020264,0
2021-06-01 06:53:24,4047.85205078125,38.6566619873047,-101.94571685791,0.442264795303345,-2.05023431777954,0
2021-06-01 06:53:25,4047.4150390625,38.656120300293,-101.947319030762,-0.501144826412201,-2.00296592712402,0
2021-06-01 06:53:26,4046.43920898438,38.6555404663086,-101.94889831543,-1.86986517906189,-2.00153851509094,0
2021-06-01 06:53:27,4044.73681640625,38.6549911499023,-101.950477600098,-4.15277004241943,-2.33345174789429,0.015795674175024
2021-06-01 06:53:28,4041.76538085938,38.6544303894043,-101.952041625977,-5.99494886398315,-2.71318459510803,0.109483972191811
2021-06-01 06:53:29,4037.697265625,38.6538772583008,-101.953628540039,-7.25845193862915,-3.11200761795044,0.682389497756958
2021-06-01 06:53:30,4032.3134765625,38.6533088684082,-101.955207824707,-9.01682090759277,-3.50961303710938,0.306696206331253
2021-06-01 06:53:31,4026.26245117188,38.6527481079102,-101.956787109375,-5.87894487380981,-4.12669277191162,0.108785033226013
2021-06-01 06:53:32,4021.32397460938,38.6521987915039,-101.958366394043,-5.85201406478882,-4.31803226470947,0.00358406570740044
2021-06-01 06:53:33,4017.31958007812,38.6516304016113,-101.959953308105,-9.6245288848877,-3.55480861663818,0.0282142572104931
2021-06-01 06:53:34,4013.56079101562,38.6510772705078,-101.961524963379,-8.81644725799561,-3.86544156074524,0.733465611934662
2021-06-01 06:53:35,4011.38452148438,38.6505012512207,-101.963096618652,-7.06177139282227,-4.19079637527466,0.435413628816605
2021-06-01 06:53:36,4010.55151367188,38.6499671936035,-101.96467590332,-6.87556791305542,-3.87791204452515,0.000114798502181657
2021-06-01 06:53:37,4011.513671875,38.6494140625,-101.966247558594,-7.17791414260864,-3.07851481437683,0.000101828518381808
2021-06-01 06:53:38,4014.07690429688,38.6488456726074,-101.967811584473,-2.80681872367859,-3.4386932849884,0.843884289264679
2021-06-01 06:53:39,4019.03491210938,38.6483116149902,-101.969375610352,0.628609776496887,-3.21120429039001,1.35967946052551
2021-06-01 06:53:40,4026.16918945312,38.647777557373,-101.970924377441,4.98164081573486,-3.03327369689941,1.8894499540329
2021-06-01 06:53:41,4035.1357421875,38.6472549438477,-101.972496032715,7.01599264144897,-2.77666616439819,2.21706652641296
2021-06-01 06:53:42,4045.95385742188,38.6467323303223,-101.974044799805,7.0975546836853,-2.97403073310852,2.03011298179626
2021-06-01 06:53:43,4057.69091796875,38.6461982727051,-101.975601196289,1.30357027053833,-3.37931323051453,1.50713849067688
2021-06-01 06:53:44,4068.86108398438,38.6456489562988,-101.977142333984,1.10344934463501,-3.24837684631348,1.94658100605011
2021-06-01 06:53:45,4079.49755859375,38.6451072692871,-101.978691101074,2.15091156959534,-3.52509570121765,1.87040030956268
2021-06-01 06:53:46,4089.05688476562,38.6445808410645,-101.980224609375,-0.721917927265167,-3.76625561714172,1.17906081676483
2021-06-01 06:53:47,4096.056640625,38.6440658569336,-101.98176574707,2.59093618392944,-3.7449803352356,1.59284579753876
2021-06-01 06:53:48,4102.6357421875,38.6435241699219,-101.98331451416,4.14227676391602,-3.80717468261719,2.0087525844574
2021-06-01 06:53:49,4107.52294921875,38.6429901123047,-101.984870910645,2.42120170593262,-4.55027723312378,1.11894416809082
2021-06-01 06:53:50,4110.7080078125,38.6424674987793,-101.98641204834,2.64218783378601,-4.83889532089233,1.47196900844574
2021-06-01 06:53:51,4112.43603515625,38.641960144043,-101.987976074219,-2.08659338951111,-4.35793542861938,1.92060363292694
2021-06-01 06:53:52,4111.62548828125,38.6414260864258,-101.989532470703,-0.611337900161743,-4.03545188903809,1.79439222812653
2021-06-01 06:53:53,4108.85595703125,38.6408882141113,-101.991088867188,-3.49937653541565,-3.98407196998596,1.43423771858215
2021-06-01 06:53:54,4103.2763671875,38.6403541564941,-101.99267578125,-2.95256471633911,-4.12491798400879,0.140473827719688
2021-06-01 06:53:55,4095.74389648438,38.639820098877,-101.99422454834,-3.01482510566711,-3.74248647689819,0
2021-06-01 06:53:56,4086.9228515625,38.6392860412598,-101.995803833008,-1.99274694919586,-3.40713286399841,0
2021-06-01 06:53:57,4078.61596679688,38.638744354248,-101.997375488281,-0.0817952156066895,-3.27862501144409,0
2021-06-01 06:53:58,4071.96533203125,38.6382026672363,-101.998962402344,0.96746414899826,-3.22437167167664,1.33559842652176e-06
2021-06-01 06:53:59,4067.01928710938,38.6376686096191,-102.000541687012,1.02675879001617,-3.15504503250122,0
2021-06-01 06:54:00,4063.50952148438,38.637092590332,-102.002128601074,1.84939002990723,-3.32519268989563,1.33656794787385e-06
2021-06-01 06:54:01,4061.21362304688,38.6365509033203,-102.003723144531,1.43545913696289,-3.28671050071716,0
2021-06-01 06:54:02,4059.109375,38.6359710693359,-102.00528717041,0.216494560241699,-3.0698561668396,0
2021-06-01 06:54:03,4056.8291015625,38.6353950500488,-102.006881713867,-0.0554711893200874,-2.90716671943665,0
2021-06-01 06:54:04,4054.21533203125,38.6348342895508,-102.00846862793,-0.353647738695145,-2.78542017936707,0
2021-06-01 06:54:05,4051.29443359375,38.6342391967773,-102.010047912598,-0.483884394168854,-2.71342515945435,0
2021-06-01 06:54:06,4048.49584960938,38.633674621582,-102.011619567871,-0.602007329463959,-2.65154886245728,0
2021-06-01 06:54:07,4046.13525390625,38.6330909729004,-102.013206481934,-0.822680115699768,-2.67905759811401,0
2021-06-01 06:54:08,4044.23071289062,38.6324996948242,-102.014801025391,-0.802029669284821,-2.70400023460388,0
2021-06-01 06:54:09,4043.02001953125,38.6319160461426,-102.016380310059,-0.203151866793633,-2.68190240859985,0
2021-06-01 06:54:10,4042.62231445312,38.6313362121582,-102.017944335938,0.103671185672283,-2.63807773590088,0
2021-06-01 06:54:11,4042.8701171875,38.6307601928711,-102.019561767578,0.0694180428981781,-2.60828351974487,0
2021-06-01 06:54:12,4043.49340820312,38.6301727294922,-102.021125793457,0.0416058748960495,-2.61407470703125,2.26918274393029e-07
2021-06-01 06:54:13,4044.28271484375,38.6296005249023,-102.022735595703,-0.0281275305896997,-2.58704996109009,0
2021-06-01 06:54:14,4045.02880859375,38.6290245056152,-102.024299621582,-0.440058261156082,-2.57624077796936,0
2021-06-01 06:54:15,4045.48486328125,38.6284446716309,-102.025909423828,-0.797118663787842,-2.56509685516357,0
2021-06-01 06:54:16,4045.58154296875,38.6278648376465,-102.027481079102,-0.89905720949173,-2.55957794189453,0
2021-06-01 06:54:17,4045.37133789062,38.6272888183594,-102.029083251953,-0.880489349365234,-2.541015625,1.67762555065565e-05
2021-06-01 06:54:18,4044.9951171875,38.6267127990723,-102.030647277832,-0.725134491920471,-2.52368664741516,0
2021-06-01 06:54:19,4044.66674804688,38.6261253356934,-102.032257080078,-0.454733043909073,-2.5005030632019,1.67379039339721e-05
2021-06-01 06:54:20,4044.51342773438,38.6255378723145,-102.033828735352,-0.247177377343178,-2.47562217712402,1.31761601096514e-06
2021-06-01 06:54:21,4044.58154296875,38.6249504089355,-102.03540802002,-0.0701740384101868,-2.45826578140259,0
2021-06-01 06:54:22,4044.84497070312,38.6243896484375,-102.037002563477,0.0550322532653809,-2.43452310562134,0
2021-06-01 06:54:23,4045.2529296875,38.6237945556641,-102.038597106934,0.108938612043858,-2.42728424072266,0
2021-06-01 06:54:24,4045.72314453125,38.6232147216797,-102.040184020996,-0.0812494084239006,-2.45476579666138,8.49532852953416e-07
2021-06-01 06:54:25,4046.12451171875,38.6226348876953,-102.041763305664,-0.414340823888779,-2.49722027778625,0
2021-06-01 06:54:26,4046.34936523438,38.6220397949219,-102.043350219727,-0.497063159942627,-2.51936626434326,2.27107989303477e-07
2021-06-01 06:54:27,4046.41967773438,38.6214790344238,-102.044937133789,-0.17254151403904,-2.52651786804199,0
2021-06-01 06:54:28,4046.4052734375,38.6208915710449,-102.046524047852,-0.168460622429848,-2.50481700897217,0
2021-06-01 06:54:29,4046.28735351562,38.620304107666,-102.048095703125,0.0130430432036519,-2.49325180053711,0
2021-06-01 06:54:30,4046.13500976562,38.6197280883789,-102.049690246582,-0.0172644406557083,-2.50537371635437,0
2021-06-01 06:54:31,4045.98193359375,38.6191368103027,-102.051277160645,-0.0576757118105888,-2.4609694480896,0
2021-06-01 06:54:32,4045.8359375,38.6185531616211,-102.052856445312,-0.388711184263229,-2.52486538887024,0
2021-06-01 06:54:33,4045.58911132812,38.6179733276367,-102.054443359375,-0.380173861980438,-2.56127047538757,0
2021-06-01 06:54:34,4045.40771484375,38.6173934936523,-102.056045532227,-0.288090229034424,-2.54467082023621,0
2021-06-01 06:54:35,4045.23510742188,38.6168098449707,-102.057624816895,-0.237349703907967,-2.53996610641479,0
2021-06-01 06:54:36,4045.07104492188,38.6162185668945,-102.059211730957,-0.124655805528164,-2.53717494010925,0
2021-06-01 06:54:37,4044.94970703125,38.6156425476074,-102.06079864502,-0.175977885723114,-2.54693984985352,0
2021-06-01 06:54:38,4044.87036132812,38.6150550842285,-102.062377929688,-0.143735468387604,-2.51034808158875,0
2021-06-01 06:54:39,4044.81689453125,38.6144676208496,-102.063980102539,-0.259907841682434,-2.47997522354126,0
2021-06-01 06:54:40,4044.69458007812,38.6138916015625,-102.065551757812,-0.558304369449615,-2.46271061897278,0
2021-06-01 06:54:41,4044.54028320312,38.6133003234863,-102.06714630127,-0.52303421497345,-2.45756959915161,0
2021-06-01 06:54:42,4044.41845703125,38.6127166748047,-102.068717956543,-0.680493831634521,-2.41584825515747,6.2309948134498e-07
2021-06-01 06:54:43,4044.31982421875,38.6121253967285,-102.070327758789,-0.58397513628006,-2.3534243106842,2.27408946784635e-07
2021-06-01 06:54:44,4044.3154296875,38.6115417480469,-102.071899414062,-0.584216475486755,-2.37570214271545,0
2021-06-01 06:54:45,4044.35473632812,38.6109619140625,-102.073486328125,-0.614728093147278,-2.35779643058777,2.27016414555692e-07
2021-06-01 06:54:46,4044.48779296875,38.6103668212891,-102.075073242188,-0.758418798446655,-2.34730219841003,0
2021-06-01 06:54:47,4044.67651367188,38.6097946166992,-102.07666015625,-0.334204316139221,-2.40725183486938,0
2021-06-01 06:54:48,4045.02099609375,38.6092071533203,-102.078239440918,-0.229271769523621,-2.2948853969574,0
2021-06-01 06:54:49,4045.47143554688,38.6086044311523,-102.079811096191,-0.0816609188914299,-2.32046151161194,0
2021-06-01 06:54:50,4045.87890625,38.6079902648926,-102.081398010254,-0.453257113695145,-2.34606003761292,1.32087097881595e-06
2021-06-01 06:54:51,4046.1240234375,38.6073837280273,-102.082946777344,0.159346774220467,-2.44299221038818,0
2021-06-01 06:54:52,4046.27563476562,38.6067352294922,-102.084495544434,0.403450191020966,-2.42495822906494,0
2021-06-01 06:54:53,4046.0947265625,38.6060485839844,-102.086036682129,0.957439005374908,-2.33651494979858,0
2021-06-01 06:54:54,4045.72607421875,38.6053619384766,-102.087547302246,0.450730741024017,-2.27427053451538,0
2021-06-01 06:54:55,4045.3046875,38.6046104431152,-102.08903503418,-0.282110661268234,-2.33465266227722,0
2021-06-01 06:54:56,4045.091796875,38.6038436889648,-102.090507507324,0.231878563761711,-2.31593346595764,0
2021-06-01 06:54:57,4045.29174804688,38.6030082702637,-102.091926574707,0.328390419483185,-2.39420747756958,0
2021-06-01 06:54:58,4045.82470703125,38.6021423339844,-102.093292236328,0.776666224002838,-2.48121213912964,0
2021-06-01 06:54:59,4046.78588867188,38.601261138916,-102.094650268555,0.522653460502625,-2.5857720375061,0
2021-06-01 06:55:00,4048.236328125,38.6003303527832,-102.095962524414,1.33002400398254,-2.50723099708557,2.39852488448378e-06
2021-06-01 06:55:01,4049.85668945312,38.5993537902832,-102.097236633301,0.825843691825867,-2.60911703109741,0
2021-06-01 06:55:02,4051.38793945312,38.5983657836914,-102.09846496582,1.02682912349701,-2.54401683807373,0
2021-06-01 06:55:03,4052.71459960938,38.5973205566406,-102.099678039551,0.868788540363312,-2.53865146636963,0
2021-06-01 06:55:04,4054.0693359375,38.596305847168,-102.100830078125,0.337528347969055,-2.56771802902222,0
2021-06-01 06:55:05,4055.82177734375,38.5951614379883,-102.101951599121,0.992986261844635,-2.48660969734192,0
2021-06-01 06:55:06,4058.52294921875,38.5940589904785,-102.10302734375,1.21198379993439,-2.52633309364319,0
2021-06-01 06:55:07,4062.25756835938,38.592903137207,-102.104011535645,0.568651676177979,-2.51706075668335,0
2021-06-01 06:55:08,4066.90942382812,38.5917205810547,-102.10498046875,0.445922523736954,-2.46183514595032,0
2021-06-01 06:55:09,4072.17163085938,38.5905342102051,-102.105903625488,-0.043352872133255,-2.47958135604858,0
2021-06-01 06:55:10,4077.7587890625,38.5892944335938,-102.106758117676,0.380556136369705,-2.52509689331055,0
2021-06-01 06:55:11,4083.29760742188,38.5880470275879,-102.107574462891,0.266045659780502,-2.55260968208313,0
2021-06-01 06:55:12,4088.7841796875,38.5867729187012,-102.108329772949,0.464844763278961,-2.60905361175537,2.27125866558708e-07
2021-06-01 06:55:13,4094.2529296875,38.5854797363281,-102.109062194824,1.11647379398346,-2.54958844184875,0
2021-06-01 06:55:14,4099.88818359375,38.5841827392578,-102.109703063965,0.292755126953125,-2.74966740608215,0
2021-06-01 06:55:15,4105.560546875,38.5828514099121,-102.110321044922,0.0459662191569805,-2.79623770713806,0
2021-06-01 06:55:16,4111.34521484375,38.5815048217773,-102.110855102539,-0.504135012626648,-2.92321467399597,0
2021-06-01 06:55:17,4116.9951171875,38.5801544189453,-102.111389160156,-1.0734611749649,-2.92051911354065,0
2021-06-01 06:55:18,4122.26806640625,38.5787963867188,-102.111846923828,0.406483054161072,-2.81241273880005,0
2021-06-01 06:55:19,4127.31201171875,38.5774078369141,-102.112243652344,-0.467432230710983,-2.9372034072876,1.30965656808257e-06
2021-06-01 06:55:20,4132.09228515625,38.5760345458984,-102.112594604492,-1.03549301624298,-2.89773392677307,0
2021-06-01 06:55:21,4136.96240234375,38.5746154785156,-102.112884521484,0.346730142831802,-2.9018771648407,0
2021-06-01 06:55:22,4141.9736328125,38.5732231140137,-102.113128662109,-0.514591813087463,-2.99480557441711,0
2021-06-01 06:55:23,4147.03369140625,38.5717964172363,-102.113288879395,0.738663911819458,-2.92602705955505,2.254150359704e-07
2021-06-01 06:55:24,4152.45654296875,38.5703964233398,-102.113456726074,0.471271455287933,-2.97655344009399,0
2021-06-01 06:55:25,4158.2080078125,38.5689926147461,-102.113456726074,0.149910882115364,-3.01715517044067,2.1896890757489e-05
2021-06-01 06:55:26,4164.2158203125,38.5675582885742,-102.113456726074,0.940055072307587,-2.9292516708374,0
2021-06-01 06:55:27,4170.38623046875,38.5661315917969,-102.113456726074,1.26057195663452,-2.93000173568726,0
2021-06-01 06:55:28,4176.5341796875,38.5647048950195,-102.113349914551,1.11740446090698,-2.97088646888733,0
2021-06-01 06:55:29,4182.3642578125,38.5632743835449,-102.11319732666,0.902392566204071,-2.98416709899902,0
2021-06-01 06:55:30,4187.82421875,38.561882019043,-102.112998962402,0.778643608093262,-3.03667640686035,0
2021-06-01 06:55:31,4192.8359375,38.5604667663574,-102.112716674805,0.0609238855540752,-3.14408302307129,0
2021-06-01 06:55:32,4197.6357421875,38.5590553283691,-102.112411499023,0.359175741672516,-3.14535164833069,0
2021-06-01 06:55:33,4202.38232421875,38.5576629638672,-102.112037658691,0.578665196895599,-3.18513083457947,1.3191607877161e-06
2021-06-01 06:55:34,4207.2353515625,38.5562705993652,-102.111595153809,0.741139352321625,-3.22668409347534,0
2021-06-01 06:55:35,4212.2978515625,38.5548896789551,-102.111122131348,0.833589792251587,-3.27532553672791,0
2021-06-01 06:55:36,4217.62548828125,38.553524017334,-102.11058807373,0.50708681344986,-3.35183310508728,0
2021-06-01 06:55:37,4223.17919921875,38.552173614502,-102.110000610352,0.889788568019867,-3.34860682487488,0
2021-06-01 06:55:38,4228.8408203125,38.5508270263672,-102.109336853027,0.593352615833282,-3.37163591384888,6.20978369170189e-07
2021-06-01 06:55:39,4234.45166015625,38.5495071411133,-102.108665466309,-0.0995148941874504,-3.49687933921814,0
2021-06-01 06:55:40,4240.06884765625,38.5482139587402,-102.107902526855,0.35877537727356,-3.53027963638306,0
2021-06-01 06:55:41,4245.47607421875,38.5469207763672,-102.10710144043,0.55918675661087,-3.58894538879395,0
2021-06-01 06:55:42,4250.91748046875,38.5456390380859,-102.106246948242,0.744762122631073,-3.62333035469055,0
2021-06-01 06:55:43,4256.4296875,38.5444030761719,-102.105354309082,0.824284493923187,-3.68262386322021,0
2021-06-01 06:55:44,4262.02587890625,38.5431823730469,-102.104415893555,1.09534358978271,-3.72697567939758,0
2021-06-01 06:55:45,4267.79638671875,38.5419731140137,-102.103416442871,1.19238173961639,-3.80738067626953,0
2021-06-01 06:55:46,4273.6796875,38.5407943725586,-102.102340698242,0.971288323402405,-3.815913438797,0
2021-06-01 06:55:47,4279.65625,38.5396385192871,-102.101272583008,1.36462008953094,-3.86242318153381,0
2021-06-01 06:55:48,4285.64404296875,38.5385360717773,-102.100158691406,1.28622221946716,-3.97889232635498,1.30406510834291e-06
2021-06-01 06:55:49,4291.3134765625,38.5373802185059,-102.098991394043,1.10886895656586,-4.05309677124023,0
2021-06-01 06:55:50,4296.6435546875,38.5363159179688,-102.097770690918,1.21904993057251,-4.08879852294922,0
2021-06-01 06:55:51,4301.57177734375,38.5353202819824,-102.096519470215,0.087675504386425,-4.06195163726807,0
2021-06-01 06:55:52,4306.41845703125,38.5342826843262,-102.095237731934,0.377337664365768,-4.13972759246826,0
2021-06-01 06:55:53,4311.7490234375,38.5333061218262,-102.093902587891,0.577940762042999,-4.17040872573853,0
2021-06-01 06:55:54,4317.603515625,38.5323677062988,-102.092514038086,1.11286735534668,-4.12158060073853,0
2021-06-01 06:55:55,4323.54931640625,38.5314712524414,-102.091102600098,0.880009055137634,-4.20777034759521,0
2021-06-01 06:55:56,4329.20458984375,38.5305976867676,-102.089668273926,0.37824609875679,-4.27416753768921,0
2021-06-01 06:55:57,4334.3955078125,38.5297622680664,-102.088203430176,0.457789659500122,-4.28404378890991,0
2021-06-01 06:55:58,4339.0849609375,38.5289611816406,-102.086708068848,0.555878698825836,-4.31232690811157,0
2021-06-01 06:55:59,4343.251953125,38.5281829833984,-102.085159301758,0.526666283607483,-4.36956596374512,0
2021-06-01 06:56:00,4346.9296875,38.5274543762207,-102.083602905273,0.644491255283356,-4.41730546951294,0
2021-06-01 06:56:01,4350.26220703125,38.5267562866211,-102.082008361816,0.570623755455017,-4.4608416557312,0
2021-06-01 06:56:02,4353.087890625,38.5260963439941,-102.08039855957,0.39013010263443,-4.50911378860474,0
2021-06-01 06:56:03,4355.4375,38.5254745483398,-102.078773498535,0.374843627214432,-4.54680013656616,0
2021-06-01 06:56:04,4357.35302734375,38.5248680114746,-102.077110290527,0.272965848445892,-4.58512258529663,1.25541582747246e-05
2021-06-01 06:56:05,4358.8369140625,38.5243339538574,-102.075439453125,0.18094702064991,-4.62270021438599,0
2021-06-01 06:56:06,4359.9189453125,38.5238227844238,-102.073738098145,0.329569011926651,-4.64996290206909,0
2021-06-01 06:56:07,4360.73876953125,38.5233764648438,-102.07201385498,0.48272180557251,-4.67277240753174,0
2021-06-01 06:56:08,4361.41064453125,38.5229377746582,-102.070289611816,0.561447203159332,-4.68680047988892,0
2021-06-01 06:56:09,4362.013671875,38.5225563049316,-102.068557739258,0.60527491569519,-4.67598438262939,0
2021-06-01 06:56:10,4362.5380859375,38.5222129821777,-102.066780090332,0.546249151229858,-4.67080068588257,0
2021-06-01 06:56:11,4362.958984375,38.521915435791,-102.065017700195,0.269959807395935,-4.67790794372559,0
2021-06-01 06:56:12,4363.2939453125,38.5216445922852,-102.063255310059,0.568938016891479,-4.64989376068115,2.23745345806492e-07
2021-06-01 06:56:13,4363.52880859375,38.5214424133301,-102.061477661133,0.64817476272583,-4.64397001266479,0
2021-06-01 06:56:14,4363.6826171875,38.5212745666504,-102.059692382812,0.988753199577332,-4.62945985794067,0
2021-06-01 06:56:15,4363.845703125,38.5211563110352,-102.057899475098,1.02805197238922,-4.63732147216797,0
2021-06-01 06:56:16,4363.9951171875,38.5210380554199,-102.056083679199,0.997824132442474,-4.63019323348999,0
2021-06-01 06:56:17,4364.11279296875,38.5209846496582,-102.054298400879,0.914908766746521,-4.6268458366394,0
2021-06-01 06:56:18,4364.1591796875,38.5209846496582,-102.052505493164,0.976615071296692,-4.59858179092407,0
2021-06-01 06:56:19,4364.1396484375,38.5210838317871,-102.050720214844,0.943679988384247,-4.59620761871338,0
2021-06-01 06:56:20,4364.05029296875,38.5211563110352,-102.048927307129,0.94592022895813,-4.55756139755249,0
2021-06-01 06:56:21,4363.8720703125,38.5213088989258,-102.047164916992,0.854489088058472,-4.55464172363281,1.31680621962005e-06
2021-06-01 06:56:22,4363.60205078125,38.521484375,-102.045402526855,0.84898567199707,-4.5578670501709,0
2021-06-01 06:56:23,4363.24853515625,38.5217323303223,-102.043640136719,0.676779806613922,-4.57480812072754,0
2021-06-01 06:56:24,4362.7998046875,38.5219764709473,-102.041893005371,0.606082499027252,-4.54630613327026,0
2021-06-01 06:56:25,4362.25146484375,38.5222930908203,-102.040161132812,0.603305220603943,-4.54619407653809,0
2021-06-01 06:56:26,4361.66552734375,38.522647857666,-102.038444519043,0.706411898136139,-4.57102203369141,0
2021-06-01 06:56:27,4361.16357421875,38.5230293273926,-102.036727905273,0.654974043369293,-4.5783519744873,0
2021-06-01 06:56:28,4360.85400390625,38.5234680175781,-102.035049438477,0.485504299402237,-4.56782388687134,0
2021-06-01 06:56:29,4360.7255859375,38.5239486694336,-102.033386230469,0.459183514118195,-4.55285263061523,0
2021-06-01 06:56:30,4360.73095703125,38.5244445800781,-102.03173828125,0.508636653423309,-4.56691455841064,0
2021-06-01 06:56:31,4360.82958984375,38.525016784668,-102.030120849609,0.436447590589523,-4.5678915977478,0
2021-06-01 06:56:32,4361.0322265625,38.5256195068359,-102.028511047363,0.585396409034729,-4.55425071716309,0
2021-06-01 06:56:33,4361.2861328125,38.526237487793,-102.02693939209,0.689803183078766,-4.54804229736328,6.16156057731132e-07
2021-06-01 06:56:34,4361.63525390625,38.5269393920898,-102.025413513184,0.757924914360046,-4.52769756317139,0
2021-06-01 06:56:35,4361.9677734375,38.5276527404785,-102.023887634277,0.456253588199615,-4.49994325637817,0
2021-06-01 06:56:36,4362.2568359375,38.528377532959,-102.022422790527,0.439558357000351,-4.52540063858032,0
2021-06-01 06:56:37,4362.28955078125,38.5291633605957,-102.020942687988,0.303326368331909,-4.52651357650757,0
2021-06-01 06:56:38,4362.09033203125,38.5299873352051,-102.019546508789,0.194684952497482,-4.5258150100708,8.79543495102553e-06
2021-06-01 06:56:39,4361.75634765625,38.5308418273926,-102.01815032959,0.0535113923251629,-4.56639862060547,0
2021-06-01 06:56:40,4361.37646484375,38.5317306518555,-102.016799926758,-0.377855837345123,-4.54245328903198,0
2021-06-01 06:56:41,4361.03125,38.532642364502,-102.015495300293,0.278452396392822,-4.51745319366455,0
2021-06-01 06:56:42,4360.81396484375,38.5335922241211,-102.014228820801,0.398125737905502,-4.50289630889893,0
2021-06-01 06:56:43,4360.748046875,38.5345840454102,-102.012992858887,0.640408277511597,-4.48258924484253,0
2021-06-01 06:56:44,4360.83935546875,38.5355987548828,-102.011825561523,0.616055727005005,-4.48152780532837,0
2021-06-01 06:56:45,4361.01953125,38.5366020202637,-102.01065826416,0.581625461578369,-4.49798440933228,1.30158707634109e-06
2021-06-01 06:56:46,4361.287109375,38.5376739501953,-102.009567260742,0.421883404254913,-4.51390600204468,0
2021-06-01 06:56:47,4361.60302734375,38.5387763977051,-102.008506774902,-0.0186476055532694,-4.5148720741272,0
2021-06-01 06:56:48,4361.93505859375,38.5399055480957,-102.007514953613,0.68487024307251,-4.47094917297363,0
2021-06-01 06:56:49,4362.25146484375,38.5410346984863,-102.006553649902,0.740345239639282,-4.45942163467407,0
2021-06-01 06:56:50,4362.470703125,38.5422019958496,-102.005630493164,0.610727310180664,-4.48748922348022,0
2021-06-01 06:56:51,4362.546875,38.543384552002,-102.004760742188,-0.357537031173706,-4.67945384979248,0
2021-06-01 06:56:52,4362.390625,38.5445785522461,-102.003952026367,-1.05161988735199,-5.05801153182983,1.27839552988007e-06
2021-06-01 06:56:53,4362.26953125,38.5457992553711,-102.003189086914,-1.13881933689117,-5.24148654937744,0
2021-06-01 06:56:54,4361.904296875,38.5470352172852,-102.002487182617,-1.90862321853638,-5.30748605728149,0
2021-06-01 06:56:55,4361.2998046875,38.5482864379883,-102.001823425293,-1.05009484291077,-5.28418636322021,0
2021-06-01 06:56:56,4360.8115234375,38.5495414733887,-102.00122833252,1.08026838302612,-5.11607503890991,0
2021-06-01 06:56:57,4360.78662109375,38.5508346557617,-102.000679016113,0.729405879974365,-5.07527303695679,0
2021-06-01 06:56:58,4360.630859375,38.552116394043,-102.000160217285,1.21463942527771,-4.85960149765015,2.23819611733234e-07
2021-06-01 06:56:59,4360.70068359375,38.5534133911133,-101.99967956543,0.282097607851028,-4.97429513931274,0
2021-06-01 06:57:00,4360.888671875,38.5547218322754,-101.999237060547,0.0585293285548687,-5.02403974533081,0
2021-06-01 06:57:01,4361.33349609375,38.5560150146484,-101.998802185059,-0.534042656421661,-5.06578969955444,0
2021-06-01 06:57:02,4361.509765625,38.5573196411133,-101.998420715332,-0.467561811208725,-4.95908689498901,0
2021-06-01 06:57:03,4360.90283203125,38.5586280822754,-101.997985839844,0.150816544890404,-4.76936292648315,0
2021-06-01 06:57:04,4359.5849609375,38.5599212646484,-101.997589111328,-0.630244791507721,-5.08112812042236,0
2021-06-01 06:57:05,4357.99755859375,38.5612373352051,-101.99715423584,-1.13362002372742,-5.04490089416504,0
2021-06-01 06:57:06,4356.2724609375,38.5625228881836,-101.996726989746,-1.57746660709381,-5.19229936599731,0
2021-06-01 06:57:07,4354.60791015625,38.5638122558594,-101.996276855469,-0.694867789745331,-5.41612195968628,2.22466937316312e-07
2021-06-01 06:57:08,4353.4833984375,38.5650978088379,-101.995788574219,-0.295401901006699,-5.54344606399536,0
2021-06-01 06:57:09,4353.05908203125,38.5663871765137,-101.995307922363,-0.0438299216330051,-5.42839002609253,0
2021-06-01 06:57:10,4353.6337890625,38.5676727294922,-101.994812011719,2.76743674278259,-5.36076688766479,0
2021-06-01 06:57:11,4355.27880859375,38.568962097168,-101.994277954102,1.51157033443451,-4.95573472976685,0
2021-06-01 06:57:12,4356.703125,38.5702095031738,-101.993766784668,1.84128654003143,-4.83526277542114,0
2021-06-01 06:57:13,4357.482421875,38.5715026855469,-101.99324798584,1.2768646478653,-4.80052089691162,0
2021-06-01 06:57:14,4357.12109375,38.5727844238281,-101.992744445801,-0.442683190107346,-4.84258985519409,0
2021-06-01 06:57:15,4356.0322265625,38.5740356445312,-101.992248535156,-0.676021039485931,-4.93275451660156,0
2021-06-01 06:57:16,4355.09228515625,38.5753326416016,-101.991760253906,-1.2459282875061,-4.98321390151978,0
2021-06-01 06:57:17,4354.544921875,38.5766105651855,-101.99129486084,0.0254580155014992,-4.6214394569397,0
2021-06-01 06:57:18,4354.5556640625,38.5779075622559,-101.990837097168,0.46694815158844,-4.628342628479,0
2021-06-01 06:57:19,4354.423828125,38.5791893005371,-101.990371704102,-2.2488214969635,-4.84003782272339,6.01095462116064e-06
2021-06-01 06:57:20,4353.857421875,38.5804824829102,-101.989929199219,-1.67771577835083,-4.90516185760498,0
2021-06-01 06:57:21,4353.583984375,38.5817642211914,-101.989501953125,-0.575437784194946,-4.99594306945801,0
2021-06-01 06:57:22,4353.8076171875,38.5830574035645,-101.989067077637,-0.356151819229126,-4.92045593261719,0
2021-06-01 06:57:23,4354.619140625,38.5843353271484,-101.988647460938,-0.321127414703369,-4.89871788024902,0
2021-06-01 06:57:24,4355.7197265625,38.5856323242188,-101.988212585449,-0.384925723075867,-4.84566020965576,0
2021-06-01 06:57:25,4356.7412109375,38.5869102478027,-101.987815856934,-0.450716763734818,-4.78185272216797,0
2021-06-01 06:57:26,4357.56640625,38.588207244873,-101.987396240234,-0.326383858919144,-4.7678689956665,0
2021-06-01 06:57:27,4358.1015625,38.589485168457,-101.98698425293,-0.364066123962402,-4.7399525642395,0
2021-06-01 06:57:28,4358.404296875,38.5907821655273,-101.986572265625,-0.521168231964111,-4.7338490486145,0
2021-06-01 06:57:29,4358.5185546875,38.5920600891113,-101.98616027832,-0.739356577396393,-4.74329376220703,2.23806779331426e-07
2021-06-01 06:57:30,4358.4921875,38.5933837890625,-101.985740661621,-0.557971119880676,-4.7696361541748,0
2021-06-01 06:57:31,4358.46435546875,38.5946769714355,-101.985343933105,-0.394347161054611,-4.819580078125,6.12010694567289e-07
2021-06-01 06:57:32,4358.49853515625,38.5959587097168,-101.984909057617,-0.183058455586433,-4.83486938476562,0
2021-06-01 06:57:33,4358.6142578125,38.5972518920898,-101.984527587891,-0.140529364347458,-4.82654142379761,6.12243297837267e-07
2021-06-01 06:57:34,4358.751953125,38.5985336303711,-101.984100341797,-0.218710020184517,-4.8141884803772,0
2021-06-01 06:57:35,4358.86767578125,38.5998268127441,-101.983695983887,-0.175297111272812,-4.81807518005371,0
2021-06-01 06:57:36,4358.908203125,38.6011352539062,-101.98331451416,-0.0125258509069681,-4.83225154876709,0
2021-06-01 06:57:37,4358.90869140625,38.6024360656738,-101.982879638672,-0.533870458602905,-4.9743447303772,0
2021-06-01 06:57:38,4358.9423828125,38.6037216186523,-101.982482910156,-0.327002078294754,-5.03039073944092,6.06201751907065e-07
2021-06-01 06:57:39,4359.0947265625,38.6050109863281,-101.982093811035,0.0489727184176445,-5.05474042892456,0
2021-06-01 06:57:40,4359.43017578125,38.6062965393066,-101.981666564941,0.630198776721954,-5.03815841674805,2.20964096797616e-07
2021-06-01 06:57:41,4359.93896484375,38.6075897216797,-101.981262207031,0.974829494953156,-5.00820302963257,0
2021-06-01 06:57:42,4360.70361328125,38.6089096069336,-101.980865478516,2.59484171867371,-5.11615228652954,0
2021-06-01 06:57:43,4361.7607421875,38.6101913452148,-101.980461120605,2.03909802436829,-5.33913516998291,6.13858503584197e-07
2021-06-01 06:57:44,4362.41748046875,38.6114845275879,-101.980049133301,2.44323873519897,-5.47634744644165,0
2021-06-01 06:57:45,4362.5693359375,38.6127662658691,-101.979652404785,0.613769829273224,-5.39788866043091,3.57509416062385e-05
2021-06-01 06:57:46,4361.34765625,38.6140594482422,-101.979248046875,2.06627440452576,-5.36319065093994,0
2021-06-01 06:57:47,4359.8603515625,38.6153411865234,-101.97883605957,1.44167017936707,-5.51052570343018,0
2021-06-01 06:57:48,4357.99365234375,38.6166610717773,-101.97843170166,1.17185997962952,-5.36461448669434,7.7153208621894e-06
2021-06-01 06:57:49,4356.486328125,38.6179580688477,-101.978012084961,1.54228734970093,-5.30845069885254,0
2021-06-01 06:57:50,4355.70068359375,38.6192359924316,-101.97762298584,1.46217167377472,-5.09889793395996,0
2021-06-01 06:57:51,4355.68603515625,38.6205444335938,-101.977203369141,1.08822345733643,-4.87646675109863,6.19362424458814e-07
2021-06-01 06:57:52,4356.19921875,38.6218528747559,-101.97681427002,-0.681896865367889,-4.55488443374634,0
2021-06-01 06:57:53,4356.5283203125,38.6231307983398,-101.976425170898,0.537416636943817,-4.12159967422485,0
2021-06-01 06:57:54,4356.56103515625,38.6244506835938,-101.976020812988,0.237291917204857,-4.06598329544067,0
2021-06-01 06:57:55,4355.6865234375,38.6257438659668,-101.975631713867,0.192407920956612,-4.18418979644775,0
2021-06-01 06:57:56,4354.61572265625,38.627067565918,-101.975242614746,-2.03118419647217,-4.96400594711304,0.000628624984528869
2021-06-01 06:57:57,4353.072265625,38.628360748291,-101.974853515625,-2.82543325424194,-5.37315940856934,0.852873206138611
2021-06-01 06:57:58,4352.103515625,38.6296806335449,-101.974449157715,-4.87989950180054,-6.08398532867432,0.378772974014282
2021-06-01 06:57:59,4350.3720703125,38.630989074707,-101.974067687988,-6.81851720809937,-6.53282451629639,0.117723688483238
2021-06-01 06:58:00,4348.16015625,38.6322975158691,-101.973686218262,-9.67921924591064,-6.73414611816406,0.0681763887405396
2021-06-01 06:58:01,4344.7705078125,38.633602142334,-101.973297119141,-9.34513854980469,-5.99479293823242,0.0101271932944655
2021-06-01 06:58:02,4340.3916015625,38.6349105834961,-101.97290802002,-6.51254940032959,-5.65635633468628,0.222283467650414
2021-06-01 06:58:03,4336.04931640625,38.6362190246582,-101.972549438477,-5.79801750183105,-5.62274932861328,0.313363462686539
2021-06-01 06:58:04,4332.81298828125,38.6375274658203,-101.97216796875,-4.30717802047729,-5.5510082244873,0.277596294879913
2021-06-01 06:58:05,4331.61181640625,38.6388282775879,-101.971809387207,-2.71415781974792,-5.58017778396606,1.77313995361328
2021-06-01 06:58:06,4332.88720703125,38.6401138305664,-101.97142791748,-0.453724652528763,-5.56031465530396,1.73240768909454
2021-06-01 06:58:07,4336.7421875,38.6414337158203,-101.971038818359,-4.29070520401001,-5.66394281387329,0.722520589828491
2021-06-01 06:58:08,4341.64697265625,38.6427268981934,-101.970672607422,-3.25861883163452,-6.0099835395813,1.16989064216614
2021-06-01 06:58:09,4347.8701171875,38.6440086364746,-101.970306396484,-4.91765594482422,-6.19859600067139,0.1905876994133
2021-06-01 06:58:10,4353.6162109375,38.6453018188477,-101.969932556152,-3.6223030090332,-5.98482036590576,1.02169632911682
2021-06-01 06:58:11,4358.2236328125,38.6465835571289,-101.969566345215,-3.59479117393494,-6.08862209320068,0.80095911026001
2021-06-01 06:58:12,4361.03173828125,38.647876739502,-101.969169616699,-1.68092453479767,-6.32969188690186,0.572285175323486
2021-06-01 06:58:13,4363.65771484375,38.6491584777832,-101.968765258789,2.73690891265869,-6.53599977493286,1.75598537921906
2021-06-01 06:58:14,4367.736328125,38.6504516601562,-101.968376159668,3.12723088264465,-6.22582769393921,1.96693921089172
2021-06-01 06:58:15,4373.0341796875,38.6517448425293,-101.967979431152,4.49948787689209,-6.16120719909668,1.92522120475769
2021-06-01 06:58:16,4379.8779296875,38.6530532836914,-101.967575073242,2.99712681770325,-6.09130859375,1.51339483261108
2021-06-01 06:58:17,4386.5693359375,38.6543464660645,-101.967178344727,2.93371105194092,-6.36772346496582,1.5697056055069
2021-06-01 06:58:18,4393.0625,38.6556396484375,-101.966819763184,3.34816455841064,-6.32320594787598,1.5016987323761
2021-06-01 06:58:19,4398.2158203125,38.6569480895996,-101.966415405273,3.12732458114624,-6.58067035675049,1.34369373321533
2021-06-01 06:58:20,4401.84326171875,38.6582565307617,-101.966041564941,-2.20579624176025,-6.55896520614624,0.605632126331329
2021-06-01 06:58:21,4402.52685546875,38.6595649719238,-101.96565246582,-2.93791222572327,-6.27373027801514,0
2021-06-01 06:58:22,4400.90234375,38.6608848571777,-101.965278625488,-3.98543357849121,-6.04954767227173,0
2021-06-01 06:58:23,4396.4130859375,38.6621894836426,-101.964881896973,-5.41073226928711,-6.0368127822876,0
2021-06-01 06:58:24,4389.0625,38.6634979248047,-101.964485168457,-4.43595457077026,-6.46074771881104,0.660382091999054
2021-06-01 06:58:25,4381.53564453125,38.6648178100586,-101.96410369873,3.03875350952148,-6.48419332504272,1.6939845085144
2021-06-01 06:58:26,4375.59375,38.6661376953125,-101.963706970215,4.38912582397461,-5.79000568389893,2.62914967536926
2021-06-01 06:58:27,4370.0625,38.6674575805664,-101.963272094727,3.71845483779907,-5.3791880607605,2.79614305496216
2021-06-01 06:58:28,4365.05322265625,38.6687812805176,-101.962844848633,1.06391775608063,-5.30191278457642,2.30971240997314
2021-06-01 06:58:29,4360.90771484375,38.6701011657715,-101.962394714355,2.54928994178772,-5.76776266098022,1.60586655139923
2021-06-01 06:58:30,4358.40283203125,38.6714324951172,-101.961952209473,2.14328241348267,-5.78705835342407,1.47575795650482
2021-06-01 06:58:31,4357.1591796875,38.6727561950684,-101.961547851562,2.56404829025269,-6.00192785263062,0.534717261791229
2021-06-01 06:58:32,4357.29150390625,38.6740875244141,-101.961128234863,1.95188355445862,-5.68548250198364,0
2021-06-01 06:58:33,4357.75341796875,38.675407409668,-101.960716247559,1.22684276103973,-5.46594953536987,0
2021-06-01 06:58:34,4358.0224609375,38.6767272949219,-101.960319519043,0.742429614067078,-5.32358026504517,0
2021-06-01 06:58:35,4357.6669921875,38.678050994873,-101.959938049316,0.436450153589249,-5.19115686416626,0
2021-06-01 06:58:36,4356.75732421875,38.679370880127,-101.959518432617,0.158671289682388,-5.0983681678772,0
2021-06-01 06:58:37,4355.51806640625,38.6806755065918,-101.959136962891,-0.0681255832314491,-5.01753807067871,0
2021-06-01 06:58:38,4354.2421875,38.6819953918457,-101.95874786377,-0.250074237585068,-4.95351123809814,0
2021-06-01 06:58:39,4353.20654296875,38.6833038330078,-101.958335876465,-0.424192547798157,-4.91499996185303,0
2021-06-01 06:58:40,4352.5361328125,38.6846122741699,-101.957931518555,-0.451987385749817,-4.85414600372314,0
2021-06-01 06:58:41,4352.25048828125,38.685920715332,-101.957550048828,-0.495129525661469,-4.816575050354,0
2021-06-01 06:58:42,4352.28515625,38.6872138977051,-101.957153320312,-0.46770504117012,-4.7852611541748,0
2021-06-01 06:58:43,4352.634765625,38.6885070800781,-101.956741333008,-0.404119908809662,-4.76651620864868,0
2021-06-01 06:58:44,4353.25732421875,38.6898155212402,-101.956359863281,-0.374084055423737,-4.76473808288574,0
2021-06-01 06:58:45,4354.1181640625,38.6911087036133,-101.95597076416,-0.361547261476517,-4.7644739151001,0
2021-06-01 06:58:46,4355.1552734375,38.6924018859863,-101.955574035645,-0.31181874871254,-4.77632570266724,6.11668269812071e-07
2021-06-01 06:58:47,4356.2841796875,38.6936836242676,-101.955184936523,-0.226107656955719,-4.7916841506958,1.3009300801059e-06
2021-06-01 06:58:48,4357.41015625,38.6949768066406,-101.954818725586,-0.187860146164894,-4.81792974472046,0
2021-06-01 06:58:49,4358.4482421875,38.6962585449219,-101.954429626465,-0.0670233890414238,-4.82255125045776,0
2021-06-01 06:58:50,4359.3427734375,38.6975517272949,-101.954025268555,-0.220653191208839,-4.8560585975647,0
2021-06-01 06:58:51,4359.9990234375,38.6988334655762,-101.953659057617,-0.166422426700592,-4.87009906768799,0
2021-06-01 06:58:52,4360.37158203125,38.7001266479492,-101.953285217285,-0.177610978484154,-4.86837291717529,0
2021-06-01 06:58:53,4360.353515625,38.7014083862305,-101.952926635742,-0.240443035960197,-4.87420034408569,0
2021-06-01 06:58:54,4359.97119140625,38.7027015686035,-101.952583312988,-0.285241812467575,-4.86315822601318,0
2021-06-01 06:58:55,4359.36376953125,38.7039833068848,-101.952285766602,0.169862985610962,-4.83304882049561,0
2021-06-01 06:58:56,4358.70263671875,38.7052879333496,-101.952003479004,0.649534285068512,-4.76524257659912,0
2021-06-01 06:58:57,4358.1435546875,38.7065963745117,-101.951797485352,0.669629514217377,-4.74250173568726,2.24892659161924e-07
2021-06-01 06:58:58,4357.82666015625,38.7079048156738,-101.951606750488,0.651685297489166,-4.72448253631592,0
2021-06-01 06:58:59,4357.84716796875,38.7092056274414,-101.951553344727,0.581528186798096,-4.69540548324585,0
2021-06-01 06:59:00,4358.35205078125,38.710521697998,-101.95140838623,0.59667706489563,-4.69418239593506,0
2021-06-01 06:59:01,4359.31787109375,38.7118263244629,-101.951484680176,0.578059494495392,-4.7011194229126,0
2021-06-01 06:59:02,4360.5751953125,38.713134765625,-101.951583862305,-0.0143860690295696,-4.76663446426392,0
2021-06-01 06:59:03,4361.95361328125,38.714427947998,-101.951705932617,-0.0959742739796638,-4.78801441192627,0
2021-06-01 06:59:04,4363.287109375,38.7157363891602,-101.951881408691,-0.0436321273446083,-4.80258941650391,0
2021-06-01 06:59:05,4364.36865234375,38.7170295715332,-101.9521484375,-0.148174747824669,-4.83638477325439,0
2021-06-01 06:59:06,4365.07421875,38.7183113098145,-101.952438354492,-0.171608582139015,-4.85494899749756,0
2021-06-01 06:59:07,4365.4111328125,38.7195777893066,-101.952781677246,-0.260328590869904,-4.85903835296631,0
2021-06-01 06:59:08,4365.37841796875,38.7208442687988,-101.953186035156,-0.193665534257889,-4.86063194274902,0
2021-06-01 06:59:09,4365.03271484375,38.7220916748047,-101.953659057617,-0.223363652825356,-4.86968612670898,0
2021-06-01 06:59:10,4364.44091796875,38.7233428955078,-101.954177856445,-0.254283130168915,-4.88435745239258,0
2021-06-01 06:59:11,4363.73046875,38.7245674133301,-101.954727172852,-0.284763127565384,-4.874427318573,0
2021-06-01 06:59:12,4362.96435546875,38.7257843017578,-101.95532989502,-0.363615393638611,-4.86689853668213,0
2021-06-01 06:59:13,4362.171875,38.7269973754883,-101.956016540527,-0.445732027292252,-4.86151647567749,0
2021-06-01 06:59:14,4361.4013671875,38.7281723022461,-101.956726074219,-0.506367683410645,-4.85841417312622,0
2021-06-01 06:59:15,4360.67138671875,38.7293434143066,-101.957473754883,-0.598968148231506,-4.85962200164795,0
2021-06-01 06:59:16,4360.021484375,38.7304725646973,-101.958312988281,-0.568288266658783,-4.85254764556885,0
2021-06-01 06:59:17,4359.52001953125,38.7316093444824,-101.959159851074,-0.505222260951996,-4.85433483123779,0
2021-06-01 06:59:18,4359.17236328125,38.7326774597168,-101.960067749023,-0.391410022974014,-4.84893274307251,0
2021-06-01 06:59:19,4358.9541015625,38.7337532043457,-101.961029052734,-0.286984503269196,-4.8383412361145,0
2021-06-01 06:59:20,4358.90771484375,38.7348289489746,-101.962020874023,-0.18975655734539,-4.83727121353149,0
2021-06-01 06:59:21,4359.00244140625,38.7358360290527,-101.963073730469,-0.0847136750817299,-4.83733081817627,0
2021-06-01 06:59:22,4359.2060546875,38.7368392944336,-101.964157104492,0.00371925719082355,-4.83917093276978,0
2021-06-01 06:59:23,4359.49169921875,38.7378005981445,-101.965309143066,0.088695615530014,-4.84359216690063,0
2021-06-01 06:59:24,4359.87109375,38.7387390136719,-101.966491699219,0.156492501497269,-4.85735464096069,0
2021-06-01 06:59:25,4360.34619140625,38.739631652832,-101.967704772949,0.120029799640179,-4.89078760147095,1.29892111999652e-06
2021-06-01 06:59:26,4360.8134765625,38.7404975891113,-101.968978881836,0.14979587495327,-4.90620136260986,0
2021-06-01 06:59:27,4361.16650390625,38.7413330078125,-101.970260620117,0.246249750256538,-4.91140699386597,0
2021-06-01 06:59:28,4361.361328125,38.7421455383301,-101.97159576416,0.300716698169708,-4.91656827926636,0
2021-06-01 06:59:29,4361.40087890625,38.7429122924805,-101.972953796387,0.254274427890778,-4.92285823822021,1.29912677948596e-06
2021-06-01 06:59:30,4361.29833984375,38.7436256408691,-101.974349975586,0.259097039699554,-4.92516374588013,0
2021-06-01 06:59:31,4361.19189453125,38.7443389892578,-101.975776672363,0.101809859275818,-4.93027973175049,0
2021-06-01 06:59:32,4361.169921875,38.7450408935547,-101.977203369141,-0.00630439631640911,-4.93548250198364,0
2021-06-01 06:59:33,4361.1787109375,38.7456855773926,-101.978691101074,-0.0491166301071644,-4.92901563644409,0
2021-06-01 06:59:34,4361.12060546875,38.7463340759277,-101.98014831543,-0.177937656641006,-4.93299961090088,0
2021-06-01 06:59:35,4360.93603515625,38.7469596862793,-101.981636047363,-0.207820937037468,-4.91114044189453,6.10798565503501e-07
2021-06-01 06:59:36,4360.529296875,38.7475738525391,-101.983116149902,-0.273532181978226,-4.88888502120972,0
2021-06-01 06:59:37,4359.74951171875,38.7482070922852,-101.984588623047,-0.354018360376358,-4.8592357635498,0
2021-06-01 06:59:38,4358.66015625,38.7488288879395,-101.98607635498,-0.301853179931641,-4.83220529556274,0
2021-06-01 06:59:39,4357.4248046875,38.7494621276855,-101.987564086914,-0.364230275154114,-4.8276572227478,0
2021-06-01 06:59:40,4356.14208984375,38.7501220703125,-101.98900604248,-0.393275409936905,-4.81333255767822,2.23451564806965e-07
2021-06-01 06:59:41,4354.90087890625,38.7508087158203,-101.990478515625,-0.292930543422699,-4.78521966934204,0
2021-06-01 06:59:42,4353.77490234375,38.751522064209,-101.991882324219,-0.185071930289268,-4.77906465530396,0
2021-06-01 06:59:43,4352.83154296875,38.7522354125977,-101.993286132812,-0.285425662994385,-4.74515676498413,2.23834689450086e-07
2021-06-01 06:59:44,4352.10888671875,38.752986907959,-101.994644165039,-0.108725376427174,-4.74707078933716,0
2021-06-01 06:59:45,4351.59375,38.7537994384766,-101.995964050293,-0.0721382796764374,-4.72384691238403,0
2021-06-01 06:59:46,4351.6328125,38.7546501159668,-101.997276306152,-0.0473446138203144,-4.71371459960938,0
2021-06-01 06:59:47,4352.1416015625,38.7555160522461,-101.998512268066,-0.0543497875332832,-4.70849943161011,0
2021-06-01 06:59:48,4352.9580078125,38.756420135498,-101.999717712402,-0.133085742592812,-4.70979928970337,0
2021-06-01 06:59:49,4353.91943359375,38.7573585510254,-102.000877380371,-0.278286039829254,-4.71718502044678,0
2021-06-01 06:59:50,4354.8701171875,38.7583198547363,-102.002006530762,-0.37579220533371,-4.74605941772461,0
2021-06-01 06:59:51,4355.72412109375,38.7593307495117,-102.003074645996,-0.44996851682663,-4.73743057250977,0
2021-06-01 06:59:52,4356.40380859375,38.7603416442871,-102.004089355469,-0.514250099658966,-4.74926090240479,0
2021-06-01 06:59:53,4356.87841796875,38.7613906860352,-102.005081176758,-0.527439296245575,-4.74494218826294,0
2021-06-01 06:59:54,4357.154296875,38.7624664306641,-102.006019592285,-0.633293390274048,-4.75734567642212,0
2021-06-01 06:59:55,4357.2119140625,38.7635955810547,-102.00691986084,-0.544865190982819,-4.78733730316162,0
2021-06-01 06:59:56,4357.130859375,38.7646980285645,-102.007759094238,-0.259937644004822,-4.76598501205444,0
2021-06-01 06:59:57,4356.95849609375,38.7658538818359,-102.008567810059,-0.361412882804871,-4.75988864898682,0
2021-06-01 06:59:58,4356.744140625,38.7670211791992,-102.009307861328,-0.113998807966709,-4.75535917282104,0
2021-06-01 06:59:59,4356.8671875,38.7682037353516,-102.010009765625,-0.141125231981277,-4.78109550476074,0
2021-06-01 07:00:00,4357.802734375,38.7694244384766,-102.010643005371,-0.0130529683083296,-4.78691148757935,0
2021-06-01 07:00:01,4359.82275390625,38.7706489562988,-102.01123046875,0.0239756368100643,-4.77555179595947,0
2021-06-01 07:00:02,4363.080078125,38.7718811035156,-102.011734008789,0.084938257932663,-4.77319288253784,0
2021-06-01 07:00:03,4367.78759765625,38.773136138916,-102.012184143066,0.142403721809387,-4.80072355270386,0
2021-06-01 07:00:04,4373.86328125,38.7744178771973,-102.012573242188,0.355436027050018,-4.82773876190186,0
2021-06-01 07:00:05,4380.97900390625,38.7756843566895,-102.012901306152,0.300129950046539,-4.89280080795288,0
2021-06-01 07:00:06,4388.52685546875,38.7769660949707,-102.013153076172,0.34173771739006,-4.95421314239502,0
2021-06-01 07:00:07,4395.927734375,38.7782821655273,-102.013389587402,0.151224181056023,-5.0364875793457,0
2021-06-01 07:00:08,4402.70849609375,38.7795639038086,-102.013549804688,0.296891093254089,-5.12802219390869,0
2021-06-01 07:00:09,4408.5615234375,38.7808837890625,-102.013687133789,0.16266243159771,-5.18251085281372,0
2021-06-01 07:00:10,4413.17529296875,38.7821922302246,-102.013717651367,0.305082201957703,-5.27517700195312,0
2021-06-01 07:00:11,4416.4697265625,38.7835121154785,-102.013717651367,0.0163709260523319,-5.32481670379639,0
2021-06-01 07:00:12,4418.39892578125,38.7848320007324,-102.013717651367,-0.0652337223291397,-5.34448337554932,1.30480464122229e-06
2021-06-01 07:00:13,4419.146484375,38.7861557006836,-102.013618469238,-0.0824900195002556,-5.41006088256836,0
2021-06-01 07:00:14,4418.85546875,38.7874755859375,-102.013488769531,-0.10588613152504,-5.36390733718872,0
2021-06-01 07:00:15,4417.591796875,38.7887954711914,-102.013305664062,-0.308606624603271,-5.34559440612793,0
2021-06-01 07:00:16,4415.35498046875,38.7901039123535,-102.013076782227,-0.288977384567261,-5.33303213119507,6.14486850736284e-07
2021-06-01 07:00:17,4412.24169921875,38.7914237976074,-102.012771606445,-0.25848725438118,-5.32589864730835,2.23839236923595e-07
2021-06-01 07:00:18,4408.22705078125,38.7927169799805,-102.012413024902,-0.232496187090874,-5.31288528442383,0
2021-06-01 07:00:19,4403.2958984375,38.7940063476562,-102.012031555176,-0.417077094316483,-5.29386758804321,0
2021-06-01 07:00:20,4397.3818359375,38.7952919006348,-102.011596679688,-0.397139698266983,-5.3028039932251,0
2021-06-01 07:00:21,4390.53271484375,38.7965812683105,-102.011100769043,-0.475013881921768,-5.20903873443604,0
2021-06-01 07:00:22,4382.7119140625,38.7978553771973,-102.010566711426,-0.466306626796722,-5.19831371307373,0
2021-06-01 07:00:23,4374.0029296875,38.7991065979004,-102.009979248047,-0.637316048145294,-5.10240697860718,2.22748639089332e-07
2021-06-01 07:00:24,4364.8017578125,38.800350189209,-102.009346008301,-0.665457189083099,-5.05710458755493,0
2021-06-01 07:00:25,4355.41064453125,38.801570892334,-102.008651733398,-0.617466449737549,-4.99789762496948,0
2021-06-01 07:00:26,4346.1162109375,38.8027801513672,-102.007888793945,-0.602527439594269,-4.89921140670776,0
2021-06-01 07:00:27,4336.9443359375,38.8039741516113,-102.007095336914,-0.737351059913635,-4.81395196914673,0
2021-06-01 07:00:28,4327.92138671875,38.8051300048828,-102.006240844727,-0.66133576631546,-4.68811655044556,0
2021-06-01 07:00:29,4319.0771484375,38.8062782287598,-102.005340576172,-0.48617148399353,-4.61940479278564,0
2021-06-01 07:00:30,4310.41259765625,38.8073997497559,-102.00439453125,-0.485520303249359,-4.55456209182739,0
2021-06-01 07:00:31,4301.8046875,38.8085098266602,-102.003387451172,-0.713394224643707,-4.45454072952271,0
2021-06-01 07:00:32,4293.22900390625,38.8095817565918,-102.00235748291,-0.510616064071655,-4.37054204940796,0
2021-06-01 07:00:33,4284.65283203125,38.8105850219727,-102.001266479492,-0.414845108985901,-4.31284523010254,0
2021-06-01 07:00:34,4276.017578125,38.8116149902344,-102.000114440918,-0.361751675605774,-4.22906589508057,0
2021-06-01 07:00:35,4267.33740234375,38.8125915527344,-101.998931884766,-0.332357853651047,-4.13888597488403,0
2021-06-01 07:00:36,4258.65380859375,38.8135566711426,-101.997711181641,-0.111560665071011,-4.06654930114746,0
2021-06-01 07:00:37,4249.95068359375,38.8144721984863,-101.996467590332,-0.284146398305893,-4.02292394638062,6.07534502705676e-07
2021-06-01 07:00:38,4241.2734375,38.8153648376465,-101.995162963867,-0.129544079303741,-3.92805457115173,0
2021-06-01 07:00:39,4232.6005859375,38.8162155151367,-101.993843078613,0.000217669949051924,-3.86998224258423,0
2021-06-01 07:00:40,4223.890625,38.8170433044434,-101.992446899414,0.022408926859498,-3.81629467010498,0
2021-06-01 07:00:41,4215.1572265625,38.8178291320801,-101.991073608398,0.0674320608377457,-3.70911431312561,0
2021-06-01 07:00:42,4206.47021484375,38.8185882568359,-101.989608764648,-0.0421426519751549,-3.59472060203552,0
2021-06-01 07:00:43,4197.86865234375,38.8193016052246,-101.988136291504,0.228453889489174,-3.57766103744507,0
2021-06-01 07:00:44,4189.77783203125,38.8199501037598,-101.986633300781,0.255580633878708,-3.50014615058899,0
2021-06-01 07:00:45,4182.60107421875,38.8205833435059,-101.985076904297,0.340220719575882,-3.41619491577148,0
2021-06-01 07:00:46,4176.55810546875,38.8211631774902,-101.983520507812,0.216774016618729,-3.34415793418884,0
2021-06-01 07:00:47,4171.51123046875,38.8217124938965,-101.98193359375,0.270071238279343,-3.35707497596741,0
2021-06-01 07:00:48,4167.17626953125,38.822208404541,-101.980293273926,0.45437940955162,-3.32058119773865,0
2021-06-01 07:00:49,4162.90478515625,38.8226356506348,-101.978675842285,0.551196396350861,-3.29685997962952,0
2021-06-01 07:00:50,4158.4384765625,38.8230781555176,-101.977012634277,0.436057865619659,-3.25455284118652,0
2021-06-01 07:00:51,4153.58447265625,38.8234481811523,-101.97534942627,0.259374231100082,-3.20855474472046,0
2021-06-01 07:00:52,4148.3388671875,38.8237648010254,-101.973670959473,0.00103520439006388,-3.16900706291199,0
2021-06-01 07:00:53,4142.630859375,38.8240509033203,-101.971969604492,-0.356218636035919,-3.15347480773926,0
2021-06-01 07:00:54,4136.69970703125,38.8242950439453,-101.970275878906,-0.296570658683777,-3.16367244720459,0
2021-06-01 07:00:55,4130.7490234375,38.8245010375977,-101.968544006348,-0.43230402469635,-3.1319100856781,0
2021-06-01 07:00:56,4124.8876953125,38.8246536254883,-101.966842651367,-0.574056446552277,-3.07348489761353,0
2021-06-01 07:00:57,4119.1357421875,38.8247909545898,-101.96508026123,-0.639165103435516,-3.02217864990234,0
2021-06-01 07:00:58,4113.4443359375,38.8248252868652,-101.963371276855,-0.40533572435379,-2.96481728553772,0
2021-06-01 07:00:59,4107.892578125,38.8248252868652,-101.961624145508,-0.160391330718994,-2.93155455589294,0
2021-06-01 07:01:00,4102.51708984375,38.8248252868652,-101.959899902344,0.0182589124888182,-2.9061918258667,0
2021-06-01 07:01:01,4097.326171875,38.8247680664062,-101.958160400391,0.0403083860874176,-2.85869646072388,0
2021-06-01 07:01:02,4092.33862304688,38.8246421813965,-101.956428527832,0.245378077030182,-2.76994132995605,0
2021-06-01 07:01:03,4087.55395507812,38.824462890625,-101.954719543457,0.17556095123291,-2.72362542152405,0
2021-06-01 07:01:04,4082.83325195312,38.8242568969727,-101.952995300293,0.220802709460258,-2.69582056999207,0
2021-06-01 07:01:05,4078.06909179688,38.8240203857422,-101.951286315918,0.127873376011848,-2.65176916122437,0
2021-06-01 07:01:06,4073.17065429688,38.8237190246582,-101.949584960938,0.139042019844055,-2.64925122261047,0
2021-06-01 07:01:07,4068.09033203125,38.8233680725098,-101.94792175293,0.169746458530426,-2.63504862785339,0
2021-06-01 07:01:08,4062.93920898438,38.8229942321777,-101.946258544922,0.192658379673958,-2.60685229301453,0
2021-06-01 07:01:09,4057.7958984375,38.822582244873,-101.944595336914,0.126354515552521,-2.55455684661865,0
2021-06-01 07:01:10,4052.71655273438,38.8221092224121,-101.942970275879,-0.0254019238054752,-2.48358488082886,0
2021-06-01 07:01:11,4047.63427734375,38.8216133117676,-101.941375732422,0.0357258431613445,-2.4228196144104,0
2021-06-01 07:01:12,4042.66455078125,38.8210525512695,-101.939788818359,-0.00106533581856638,-2.35940027236938,0
2021-06-01 07:01:13,4037.76049804688,38.8204650878906,-101.938217163086,-0.242474481463432,-2.30118107795715,0
2021-06-01 07:01:14,4032.83715820312,38.81982421875,-101.936683654785,-0.427656203508377,-2.30159640312195,0
2021-06-01 07:01:15,4027.80200195312,38.8191375732422,-101.935180664062,-0.719074130058289,-2.25031423568726,0
2021-06-01 07:01:16,4022.69091796875,38.8184661865234,-101.933685302734,-0.841488242149353,-2.18524241447449,0
2021-06-01 07:01:17,4017.34204101562,38.8177070617676,-101.932250976562,-1.33894741535187,-2.15355491638184,0
2021-06-01 07:01:18,4011.69091796875,38.8169212341309,-101.930816650391,-1.21455824375153,-2.07038593292236,0
2021-06-01 07:01:19,4005.90185546875,38.8161087036133,-101.929443359375,-1.39008820056915,-1.97559058666229,0
2021-06-01 07:01:20,4000.11791992188,38.815258026123,-101.928100585938,-1.59354412555695,-1.91127455234528,0
2021-06-01 07:01:21,3994.44604492188,38.8143882751465,-101.926780700684,-1.16680705547333,-1.84973311424255,0
2021-06-01 07:01:22,3988.92578125,38.8134765625,-101.925521850586,-1.29123866558075,-1.81215167045593,0
2021-06-01 07:01:23,3983.5341796875,38.8125267028809,-101.924285888672,-1.36878836154938,-1.80200302600861,0
2021-06-01 07:01:24,3978.36791992188,38.8115348815918,-101.923095703125,-1.1671336889267,-1.79089498519897,0
2021-06-01 07:01:25,3973.4287109375,38.8105201721191,-101.921951293945,-0.932028293609619,-1.76192140579224,0
2021-06-01 07:01:26,3968.69946289062,38.809513092041,-101.920822143555,-0.80028247833252,-1.74976968765259,0
2021-06-01 07:01:27,3964.12377929688,38.8084411621094,-101.919792175293,-0.801290214061737,-1.75928592681885,0
2021-06-01 07:01:28,3959.638671875,38.8073120117188,-101.918785095215,-0.676479578018188,-1.75209438800812,0
2021-06-01 07:01:29,3955.19213867188,38.8061943054199,-101.917808532715,-0.501704156398773,-1.72094249725342,0
2021-06-01 07:01:30,3950.7021484375,38.8050384521484,-101.916900634766,-0.544582664966583,-1.70602428913116,0
2021-06-01 07:01:31,3946.11181640625,38.8038711547852,-101.916030883789,-0.493729680776596,-1.67867314815521,0
2021-06-01 07:01:32,3941.41650390625,38.8026885986328,-101.91520690918,-0.512597799301147,-1.63304650783539,0
2021-06-01 07:01:33,3936.599609375,38.8014602661133,-101.914443969727,-0.509639799594879,-1.58161592483521,0
2021-06-01 07:01:34,3931.64477539062,38.800235748291,-101.913726806641,-0.584139168262482,-1.56656992435455,0
2021-06-01 07:01:35,3926.458984375,38.7989845275879,-101.913063049316,-0.578474104404449,-1.54594933986664,0
2021-06-01 07:01:36,3921.18725585938,38.7977142333984,-101.912445068359,-0.748578011989594,-1.53878879547119,0
2021-06-01 07:01:37,3915.84985351562,38.7964248657227,-101.911880493164,-0.683025538921356,-1.53538155555725,0
2021-06-01 07:01:38,3910.44873046875,38.7951393127441,-101.91138458252,-0.674243927001953,-1.4893970489502,0
2021-06-01 07:01:39,3904.95971679688,38.7938461303711,-101.910949707031,-0.74804425239563,-1.42638909816742,0
2021-06-01 07:01:40,3899.50561523438,38.7925224304199,-101.910545349121,-0.614312589168549,-1.36873388290405,0
2021-06-01 07:01:41,3894.24169921875,38.791202545166,-101.910186767578,-0.0963066965341568,-1.28322994709015,0
2021-06-01 07:01:42,3889.3818359375,38.789867401123,-101.909881591797,0.187832072377205,-1.20936334133148,0
2021-06-01 07:01:43,3884.857421875,38.7885475158691,-101.909614562988,0.865314364433289,-1.08769154548645,0
2021-06-01 07:01:44,3880.42553710938,38.7872161865234,-101.90934753418,0.345802664756775,-1.01364576816559,0
2021-06-01 07:01:45,3875.73022460938,38.7858810424805,-101.909126281738,0.0542328506708145,-0.999103605747223,0
2021-06-01 07:01:46,3870.6494140625,38.7845458984375,-101.908920288086,-0.140929639339447,-0.979184031486511,0
2021-06-01 07:01:47,3865.0078125,38.7832069396973,-101.908721923828,-0.492651402950287,-0.988875925540924,0
2021-06-01 07:01:48,3858.80786132812,38.781867980957,-101.908569335938,-0.68428897857666,-1.00930571556091,0
2021-06-01 07:01:49,3852.26684570312,38.780517578125,-101.908493041992,-0.848117768764496,-0.966935336589813,0
2021-06-01 07:01:50,3845.8056640625,38.7791862487793,-101.908340454102,-0.699918210506439,-0.909490525722504,0
2021-06-01 07:01:51,3839.67407226562,38.7778396606445,-101.908325195312,-0.682388126850128,-0.887287199497223,0
2021-06-01 07:01:52,3834.03540039062,38.7765045166016,-101.908325195312,-0.0577015578746796,-0.880030572414398,0
2021-06-01 07:01:53,3828.90478515625,38.7751579284668,-101.908325195312,-0.0832727998495102,-0.875521719455719,0
2021-06-01 07:01:54,3824.07666015625,38.7738265991211,-101.908386230469,-0.234010249376297,-0.889054715633392,0
2021-06-01 07:01:55,3819.365234375,38.7724800109863,-101.908493041992,-0.181488171219826,-0.851178765296936,0
2021-06-01 07:01:56,3814.6474609375,38.7711334228516,-101.908493041992,-0.389262288808823,-0.824351370334625,0
2021-06-01 07:01:57,3809.79272460938,38.7697982788086,-101.908638000488,-0.442560821771622,-0.771973431110382,0
2021-06-01 07:01:58,3804.59423828125,38.7684516906738,-101.908683776855,-0.391437560319901,-0.727425158023834,0
2021-06-01 07:01:59,3799.04028320312,38.7671165466309,-101.908836364746,-0.40752962231636,-0.703303933143616,0
2021-06-01 07:02:00,3793.1982421875,38.7657852172852,-101.908981323242,-0.399906009435654,-0.700690627098083,0
2021-06-01 07:02:01,3787.2392578125,38.7644500732422,-101.909149169922,-0.528827667236328,-0.693723022937775,0
2021-06-01 07:02:02,3781.43969726562,38.7631149291992,-101.909400939941,-0.0732932314276695,-0.582691490650177,0
2021-06-01 07:02:03,3776.00903320312,38.7617835998535,-101.909645080566,0.230912372469902,-0.542743325233459,0
2021-06-01 07:02:04,3770.9609375,38.7604484558105,-101.909942626953,0.310575664043427,-0.613815009593964,0
2021-06-01 07:02:05,3766.22778320312,38.7591285705566,-101.910247802734,0.48554453253746,-0.653137922286987,0
2021-06-01 07:02:06,3761.69165039062,38.7578086853027,-101.91056060791,0.805577278137207,-0.633136093616486,0
2021-06-01 07:02:07,3757.20190429688,38.7564735412598,-101.91089630127,0.835900783538818,-0.626599729061127,0
2021-06-01 07:02:08,3752.68383789062,38.7551689147949,-101.911247253418,0.752492427825928,-0.59149956703186,0
2021-06-01 07:02:09,3748.31079101562,38.753849029541,-101.911605834961,0.691161811351776,-0.594023942947388,0
2021-06-01 07:02:10,3744.24658203125,38.7525253295898,-101.911964416504,0.524383008480072,-0.582302868366241,1.38604127641884e-06
2021-06-01 07:02:11,3740.68579101562,38.7512054443359,-101.912322998047,0.519420266151428,-0.560412466526031,0
2021-06-01 07:02:12,3737.6845703125,38.749885559082,-101.912712097168,0.414361923933029,-0.553392589092255,2.37509752309961e-07
2021-06-01 07:02:13,3735.18041992188,38.7485656738281,-101.913101196289,0.340049475431442,-0.55519300699234,0
2021-06-01 07:02:14,3733.15991210938,38.747257232666,-101.913482666016,0.266957461833954,-0.532926619052887,2.5317465315311e-06
2021-06-01 07:02:15,3731.58374023438,38.7459526062012,-101.913871765137,0.20667439699173,-0.538439273834229,0
2021-06-01 07:02:16,3730.34130859375,38.74462890625,-101.91429901123,0.0352374464273453,-0.524722814559937,0
2021-06-01 07:02:17,3729.31958007812,38.743335723877,-101.914710998535,-0.0766234025359154,-0.512490749359131,0
2021-06-01 07:02:18,3728.47802734375,38.7420272827148,-101.915145874023,-0.152252122759819,-0.516506612300873,0
2021-06-01 07:02:19,3727.82983398438,38.7407341003418,-101.915573120117,-0.14130488038063,-0.506016850471497,0
2021-06-01 07:02:20,3727.41625976562,38.7394142150879,-101.916015625,-0.0640829354524612,-0.492863386869431,6.54750976991636e-07
2021-06-01 07:02:21,3727.26904296875,38.7381362915039,-101.916435241699,0.0665984973311424,-0.466582179069519,0
2021-06-01 07:02:22,3727.3330078125,38.7368392944336,-101.916900634766,-0.0456318072974682,-0.452705532312393,0
2021-06-01 07:02:23,3727.52978515625,38.7355575561523,-101.917327880859,-0.0755150020122528,-0.439640402793884,0
2021-06-01 07:02:24,3727.7783203125,38.7342643737793,-101.917785644531,-0.208517551422119,-0.449834823608398,0
2021-06-01 07:02:25,3727.95922851562,38.732982635498,-101.918228149414,-0.132115617394447,-0.471929639577866,0
2021-06-01 07:02:26,3728.08959960938,38.731689453125,-101.918685913086,0.0740038305521011,-0.472301095724106,2.39599245333011e-07
2021-06-01 07:02:27,3728.220703125,38.7304077148438,-101.919143676758,0.188186839222908,-0.473207324743271,0
2021-06-01 07:02:28,3728.37817382812,38.7291145324707,-101.919609069824,0.214379161596298,-0.482957750558853,2.40105038074034e-07
2021-06-01 07:02:29,3728.54174804688,38.7278327941895,-101.92008972168,0.291872084140778,-0.479263573884964,0
2021-06-01 07:02:30,3728.69091796875,38.7265396118164,-101.920570373535,0.253515869379044,-0.49787312746048,0
2021-06-01 07:02:31,3728.85180664062,38.7252578735352,-101.921051025391,0.365745484828949,-0.51050078868866,0
2021-06-01 07:02:32,3729.087890625,38.7240028381348,-101.921546936035,0.502511918544769,-0.496236085891724,0
2021-06-01 07:02:33,3729.3955078125,38.7227096557617,-101.92204284668,0.486796945333481,-0.501145899295807,0
2021-06-01 07:02:34,3729.7275390625,38.7214279174805,-101.922538757324,0.350108444690704,-0.520512878894806,0
2021-06-01 07:02:35,3730.05053710938,38.7201766967773,-101.923034667969,0.350619405508041,-0.540296316146851,0
2021-06-01 07:02:36,3730.37915039062,38.7188835144043,-101.923530578613,0.245210334658623,-0.574520707130432,0
2021-06-01 07:02:37,3730.69018554688,38.7176055908203,-101.924026489258,0.0682297945022583,-0.604050636291504,0
2021-06-01 07:02:38,3730.91674804688,38.7163467407227,-101.924514770508,-0.181848779320717,-0.612753093242645,0
2021-06-01 07:02:39,3730.93701171875,38.7150573730469,-101.925025939941,-0.115247689187527,-0.625450193881989,0
2021-06-01 07:02:40,3730.76977539062,38.7137985229492,-101.925521850586,-0.186595618724823,-0.608102142810822,0
2021-06-01 07:02:41,3730.39575195312,38.712516784668,-101.92601776123,-0.219714179635048,-0.598687410354614,0
2021-06-01 07:02:42,3729.88354492188,38.7112350463867,-101.92652130127,0.0343015529215336,-0.583070933818817,0
2021-06-01 07:02:43,3729.3779296875,38.7099800109863,-101.927024841309,0.227935820817947,-0.5597283244133,0
2021-06-01 07:02:44,3728.99365234375,38.7086868286133,-101.927520751953,0.292149901390076,-0.54034948348999,0
2021-06-01 07:02:45,3728.78344726562,38.7074203491211,-101.928024291992,0.185535877943039,-0.540727376937866,0
2021-06-01 07:02:46,3728.689453125,38.7061500549316,-101.928520202637,0.0995505675673485,-0.558294653892517,0
2021-06-01 07:02:47,3728.74267578125,38.7048721313477,-101.92903137207,0.279491513967514,-0.529529392719269,0
2021-06-01 07:02:48,3729.01635742188,38.7036018371582,-101.929527282715,0.413120061159134,-0.488679826259613,6.50171477900585e-06
2021-06-01 07:02:49,3729.45581054688,38.7023239135742,-101.930030822754,-0.266145139932632,-0.499525636434555,2.40701155007628e-07
2021-06-01 07:02:50,3729.92578125,38.7010536193848,-101.930526733398,-0.318729072809219,-0.524838030338287,0
2021-06-01 07:02:51,3730.3935546875,38.699779510498,-101.931037902832,-0.124878831207752,-0.508867204189301,0
2021-06-01 07:02:52,3730.80126953125,38.6985321044922,-101.93155670166,-0.26686292886734,-0.514494240283966,0
2021-06-01 07:02:53,3731.0302734375,38.6972541809082,-101.932090759277,-0.378868579864502,-0.525475680828094,0
2021-06-01 07:02:54,3731.10498046875,38.6959838867188,-101.932624816895,-0.344211250543594,-0.514882326126099,0
2021-06-01 07:02:55,3731.11108398438,38.6947326660156,-101.933158874512,-0.0211025737226009,-0.486411869525909,0
2021-06-01 07:02:56,3731.12548828125,38.6934776306152,-101.933723449707,0.0253474526107311,-0.474591881036758,0
2021-06-01 07:02:57,3731.12915039062,38.6922149658203,-101.934295654297,-0.210103005170822,-0.513571262359619,2.3969309381755e-07
2021-06-01 07:02:58,3731.13842773438,38.6909675598145,-101.934860229492,0.190390542149544,-0.447967380285263,0
2021-06-01 07:02:59,3731.26904296875,38.6897125244141,-101.935447692871,0.134014457464218,-0.447200000286102,0
2021-06-01 07:03:00,3731.47705078125,38.6884727478027,-101.936042785645,-0.0731617733836174,-0.463263809680939,0
2021-06-01 07:03:01,3731.74780273438,38.6872215270996,-101.936637878418,-0.0213243030011654,-0.448059380054474,0
2021-06-01 07:03:02,3732.02734375,38.6859855651855,-101.93724822998,0.0655214563012123,-0.456368952989578,2.39722936612452e-07
2021-06-01 07:03:03,3732.29150390625,38.6847343444824,-101.937866210938,0.144828453660011,-0.465529769659042,0
2021-06-01 07:03:04,3732.53784179688,38.6835060119629,-101.9384765625,0.232504665851593,-0.504185497760773,0
2021-06-01 07:03:05,3732.78930664062,38.682258605957,-101.939094543457,0.597631633281708,-0.586457550525665,0
2021-06-01 07:03:06,3733.13256835938,38.681022644043,-101.939727783203,0.423770099878311,-0.690602481365204,0
2021-06-01 07:03:07,3733.43920898438,38.6797828674316,-101.94034576416,0.744350790977478,-0.79900848865509,0
2021-06-01 07:03:08,3733.58276367188,38.6785278320312,-101.940971374512,0.761773586273193,-0.833696901798248,0
2021-06-01 07:03:09,3733.43725585938,38.6773071289062,-101.941604614258,0.664918899536133,-0.897354602813721,0
2021-06-01 07:03:10,3733.11743164062,38.6760711669922,-101.942222595215,0.512182235717773,-0.997896254062653,0
2021-06-01 07:03:11,3732.62329101562,38.6748313903809,-101.942855834961,0.38819482922554,-1.08446395397186,0
2021-06-01 07:03:12,3732.04565429688,38.6735916137695,-101.943481445312,0.243631899356842,-0.930017411708832,0
2021-06-01 07:03:13,3731.4912109375,38.6723556518555,-101.944122314453,0.398766547441483,-0.844812572002411,0
2021-06-01 07:03:14,3730.98706054688,38.6711196899414,-101.944747924805,0.332104712724686,-0.790719270706177,0
2021-06-01 07:03:15,3730.52612304688,38.6698722839355,-101.945381164551,0.27151170372963,-0.765907049179077,0
2021-06-01 07:03:16,3730.19775390625,38.6686515808105,-101.946006774902,0.304083049297333,-0.716147005558014,0
2021-06-01 07:03:17,3730.00708007812,38.6673965454102,-101.946647644043,-0.0408579707145691,-0.669743537902832,0
2021-06-01 07:03:18,3729.82080078125,38.6661567687988,-101.947280883789,-0.583438456058502,-0.671161472797394,0
2021-06-01 07:03:19,3729.57202148438,38.6649055480957,-101.947914123535,-2.13688015937805,-0.822398543357849,0.216376945376396
2021-06-01 07:03:20,3728.67553710938,38.6636581420898,-101.94856262207,-3.16485571861267,-1.21876084804535,0.919894754886627
2021-06-01 07:03:21,3727.56494140625,38.6624069213867,-101.949180603027,-1.37681341171265,-1.84521818161011,1.1729474067688
2021-06-01 07:03:22,3726.62915039062,38.6611518859863,-101.949829101562,-1.36118221282959,-1.82039535045624,0.967710375785828
2021-06-01 07:03:23,3726.20581054688,38.6598968505859,-101.950477600098,-1.8041045665741,-2.05592799186707,0.64785897731781
2021-06-01 07:03:24,3726.48095703125,38.6586303710938,-101.951126098633,-1.28174901008606,-2.28669047355652,0.566822350025177
2021-06-01 07:03:25,3727.49658203125,38.6573791503906,-101.95174407959,-1.45719909667969,-2.31144142150879,0.856487572193146
2021-06-01 07:03:26,3728.41455078125,38.6561317443848,-101.952377319336,-1.45247972011566,-2.20560431480408,0.816432952880859
2021-06-01 07:03:27,3729.17114257812,38.6548652648926,-101.953010559082,-3.58523178100586,-2.53309988975525,0.111630134284496
2021-06-01 07:03:28,3729.34204101562,38.6535987854004,-101.953659057617,-4.93976783752441,-2.76904559135437,0.034647561609745
2021-06-01 07:03:29,3728.17626953125,38.65234375,-101.954322814941,-7.94454622268677,-2.66911649703979,0.0245503559708595
2021-06-01 07:03:30,3725.58325195312,38.6511039733887,-101.95499420166,-4.0115852355957,-2.63956570625305,0.39089560508728
2021-06-01 07:03:31,3723.02490234375,38.6498680114746,-101.955665588379,-4.51698780059814,-2.42748951911926,0.563447058200836
2021-06-01 07:03:32,3719.78466796875,38.6486320495605,-101.956352233887,-5.66072940826416,-2.42244029045105,0.418644368648529
2021-06-01 07:03:33,3716.94555664062,38.6473846435547,-101.957038879395,-3.15371751785278,-2.26910352706909,0.0420733653008938
2021-06-01 07:03:34,3715.8310546875,38.6461639404297,-101.957717895508,-3.47670292854309,-2.04726433753967,0.00215803529135883
2021-06-01 07:03:35,3715.63452148438,38.6449356079102,-101.958404541016,-4.70693874359131,-2.32515954971313,0.212921962141991
2021-06-01 07:03:36,3716.08129882812,38.643684387207,-101.959060668945,-7.17368125915527,-2.33452081680298,0.292762190103531
2021-06-01 07:03:37,3716.376953125,38.6424598693848,-101.95970916748,-4.82248497009277,-2.09996724128723,0.00474773347377777
2021-06-01 07:03:38,3717.28247070312,38.6412239074707,-101.960357666016,0.911213874816895,-1.78509294986725,0
2021-06-01 07:03:39,3719.95751953125,38.6399841308594,-101.960975646973,1.77769505977631,-1.28103744983673,0
2021-06-01 07:03:40,3723.5263671875,38.6387329101562,-101.961624145508,1.03481006622314,-1.25780463218689,0.000165352976182476
2021-06-01 07:03:41,3727.970703125,38.637508392334,-101.962272644043,0.957826018333435,-1.10039877891541,0
2021-06-01 07:03:42,3733.16479492188,38.6362724304199,-101.962913513184,-1.06683254241943,-1.56569755077362,0
2021-06-01 07:03:43,3738.48364257812,38.6350517272949,-101.963562011719,0.874492645263672,-0.760246574878693,6.43142527678719e-07
2021-06-01 07:03:44,3743.33422851562,38.6338310241699,-101.964233398438,-2.65785074234009,-0.365927875041962,4.12611234423821e-06
2021-06-01 07:03:45,3746.44458007812,38.6326026916504,-101.964912414551,-1.76700079441071,-0.120270311832428,0
2021-06-01 07:03:46,3748.32763671875,38.6313743591309,-101.965599060059,-1.78290736675262,0.0632798746228218,0
2021-06-01 07:03:47,3748.80419921875,38.6301460266113,-101.966285705566,0.419226437807083,0.184735357761383,0
2021-06-01 07:03:48,3748.69750976562,38.6289176940918,-101.966972351074,-1.21043586730957,-0.0759506523609161,0
2021-06-01 07:03:49,3747.21459960938,38.6276969909668,-101.967628479004,-1.77296113967896,-0.380576580762863,0
2021-06-01 07:03:50,3744.76220703125,38.6264495849609,-101.968315124512,-0.124678894877434,-0.496234238147736,0
2021-06-01 07:03:51,3742.07861328125,38.6252098083496,-101.968994140625,0.420001119375229,-0.748013257980347,0
2021-06-01 07:03:52,3739.29345703125,38.6239700317383,-101.969665527344,-0.594379782676697,-0.716621696949005,1.98384277609875e-05
2021-06-01 07:03:53,3736.82739257812,38.6227188110352,-101.970336914062,-0.825300514698029,-0.825355708599091,0
2021-06-01 07:03:54,3734.74487304688,38.6214714050293,-101.971000671387,0.0220606531947851,-0.846074044704437,0
2021-06-01 07:03:55,3733.71142578125,38.6202049255371,-101.971656799316,2.16354846954346,-0.93589586019516,0
2021-06-01 07:03:56,3733.91430664062,38.6189384460449,-101.972320556641,1.77525103092194,-0.925170600414276,4.30048248745152e-06
2021-06-01 07:03:57,3734.54516601562,38.6176681518555,-101.97297668457,1.60559284687042,-0.591277539730072,0
2021-06-01 07:03:58,3735.05151367188,38.6164016723633,-101.973625183105,1.17575669288635,-0.607747256755829,1.29731815832201e-05
2021-06-01 07:03:59,3735.06640625,38.6151390075684,-101.97428894043,1.49755871295929,-0.816095948219299,0
2021-06-01 07:04:00,3735.04418945312,38.6138648986816,-101.97492980957,0.0462154746055603,-0.662105023860931,9.11638653633418e-06
2021-06-01 07:04:01,3734.8359375,38.6125907897949,-101.975593566895,2.3848443031311,-0.487659811973572,2.32313780657023e-07
2021-06-01 07:04:02,3734.91430664062,38.611328125,-101.97624206543,2.67787599563599,-0.749946236610413,2.32611469641597e-07
2021-06-01 07:04:03,3735.00317382812,38.610034942627,-101.976898193359,3.4881579875946,-1.13303363323212,1.16102000902174e-05
2021-06-01 07:04:04,3735.57202148438,38.6087532043457,-101.977546691895,3.77447628974915,-1.21934378147125,0
2021-06-01 07:04:05,3735.90161132812,38.6074752807617,-101.978210449219,0.584973871707916,-1.50589954853058,2.29246921890081e-07
2021-06-01 07:04:06,3735.17895507812,38.6062088012695,-101.978866577148,0.137284964323044,-1.43176710605621,0
2021-06-01 07:04:07,3733.92724609375,38.6049270629883,-101.979530334473,0.79013592004776,-1.66602206230164,0
2021-06-01 07:04:08,3731.90283203125,38.6036338806152,-101.980186462402,-0.753097474575043,-1.65463626384735,0
2021-06-01 07:04:09,3729.29858398438,38.602352142334,-101.980857849121,-1.8016129732132,-1.48580288887024,1.33262835788628e-06
2021-06-01 07:04:10,3726.51708984375,38.6010589599609,-101.981521606445,-2.40034031867981,-1.42145013809204,2.3616408725502e-05
2021-06-01 07:04:11,3723.8076171875,38.5997772216797,-101.98218536377,-1.91120719909668,-1.60702776908875,0
2021-06-01 07:04:12,3721.82983398438,38.5984840393066,-101.982841491699,-1.4654153585434,-1.637091755867,0
2021-06-01 07:04:13,3720.95532226562,38.5972023010254,-101.983512878418,-1.2895280122757,-1.62279438972473,0
2021-06-01 07:04:14,3721.03491210938,38.5959091186523,-101.984176635742,-1.34900641441345,-1.68203127384186,3.6311485018814e-05
2021-06-01 07:04:15,3721.9716796875,38.5946273803711,-101.984825134277,-0.440493822097778,-1.97707843780518,3.61462734872475e-05
2021-06-01 07:04:16,3723.49780273438,38.593334197998,-101.985496520996,-1.54949879646301,-1.98694157600403,0
2021-06-01 07:04:17,3725.00341796875,38.5920524597168,-101.98616027832,-0.29723134636879,-1.88436377048492,0
2021-06-01 07:04:18,3726.5634765625,38.5907592773438,-101.98681640625,-0.311432808637619,-1.89144802093506,0
2021-06-01 07:04:19,3727.83984375,38.5895042419434,-101.987487792969,-0.407631695270538,-1.85478579998016,6.32512694664911e-07
2021-06-01 07:04:20,3729.359375,38.5882225036621,-101.988166809082,-0.597787797451019,-1.95091903209686,0
2021-06-01 07:04:21,3730.78784179688,38.5869293212891,-101.988822937012,-0.387314975261688,-1.92429900169373,0
2021-06-01 07:04:22,3732.16796875,38.5856475830078,-101.98949432373,-0.194894582033157,-1.78882968425751,3.80265828425763e-06
2021-06-01 07:04:23,3733.32373046875,38.5843925476074,-101.990158081055,-0.211561322212219,-1.91991806030273,0
2021-06-01 07:04:24,3733.96704101562,38.5830993652344,-101.990814208984,-0.456262409687042,-1.82671570777893,1.32352249693213e-06
2021-06-01 07:04:25,3734.45629882812,38.5818176269531,-101.991485595703,1.30902647972107,-1.49179029464722,0
2021-06-01 07:04:26,3735.19897460938,38.5805244445801,-101.992149353027,0.204986378550529,-1.35724711418152,0
2021-06-01 07:04:27,3735.76171875,38.5792503356934,-101.992813110352,0.0882846936583519,-0.867518723011017,0
2021-06-01 07:04:28,3736.09350585938,38.5779876708984,-101.99348449707,0.880279123783112,-0.529069185256958,0
2021-06-01 07:04:29,3735.8779296875,38.5767021179199,-101.994148254395,0.0936159193515778,-0.193725183606148,0
2021-06-01 07:04:30,3735.099609375,38.5754127502441,-101.994804382324,0.982421100139618,-0.073764756321907,0
2021-06-01 07:04:31,3734.51196289062,38.5741271972656,-101.995468139648,0.990183353424072,-0.0266940537840128,0
2021-06-01 07:04:32,3733.98266601562,38.5728378295898,-101.996124267578,0.478555947542191,-0.173740357160568,6.21029073499813e-07
2021-06-01 07:04:33,3733.39770507812,38.5715522766113,-101.996772766113,-0.333207428455353,-0.451534003019333,0
2021-06-01 07:04:34,3732.92553710938,38.5702896118164,-101.997436523438,0.681366801261902,-0.530561447143555,0
2021-06-01 07:04:35,3732.06518554688,38.5690116882324,-101.998077392578,-0.653356313705444,-0.156470954418182,6.18481908531976e-06
2021-06-01 07:04:36,3730.47900390625,38.5677299499512,-101.998718261719,-1.30990827083588,0.0910372585058212,0
2021-06-01 07:04:37,3728.3310546875,38.5664367675781,-101.99934387207,-0.63629812002182,0.42989581823349,2.25289804802742e-05
2021-06-01 07:04:38,3726.45263671875,38.5651550292969,-101.999984741211,0.370831102132797,0.589625656604767,2.32595482430042e-07
2021-06-01 07:04:39,3725.4130859375,38.5638618469238,-102.000595092773,-0.239635974168777,0.692119717597961,0
2021-06-01 07:04:40,3725.20263671875,38.5625686645508,-102.00121307373,0.661920130252838,0.692353129386902,7.37185837351717e-05
2021-06-01 07:04:41,3725.55737304688,38.5612525939941,-102.00178527832,0.483060359954834,0.367274165153503,0
2021-06-01 07:04:42,3725.896484375,38.5599517822266,-102.00235748291,1.09728133678436,-0.0132462894544005,0
2021-06-01 07:04:43,3726.29541015625,38.5586166381836,-102.002868652344,-0.119075924158096,-0.268164873123169,0
2021-06-01 07:04:44,3726.650390625,38.5572967529297,-102.00333404541,1.20371115207672,-0.636061429977417,0.0867070704698563
2021-06-01 07:04:45,3727.31689453125,38.5559310913086,-102.003761291504,0.14958481490612,-1.41296982765198,0.00955274049192667
2021-06-01 07:04:46,3728.50805664062,38.5545654296875,-102.004127502441,0.122755780816078,-1.73023617267609,2.6774237085192e-06
2021-06-01 07:04:47,3730.32080078125,38.5531997680664,-102.004425048828,-0.386490076780319,-1.82933712005615,0
2021-06-01 07:04:48,3732.17504882812,38.5517921447754,-102.004676818848,-0.821298122406006,-1.89192676544189,1.56972441800463e-06
2021-06-01 07:04:49,3733.68994140625,38.5504150390625,-102.004852294922,-1.3460750579834,-1.87598288059235,0
2021-06-01 07:04:50,3734.46240234375,38.5490074157715,-102.00496673584,-0.228988602757454,-1.85178995132446,3.09135498355317e-06
2021-06-01 07:04:51,3734.85327148438,38.547607421875,-102.00511932373,-1.02620911598206,-1.85719072818756,0
2021-06-01 07:04:52,3734.69458007812,38.5461807250977,-102.005142211914,-2.53998494148254,-1.83352100849152,0
2021-06-01 07:04:53,3733.890625,38.5448036193848,-102.005126953125,-3.19483780860901,-1.73849821090698,0
2021-06-01 07:04:54,3732.79174804688,38.5433692932129,-102.00496673584,-2.97293138504028,-1.5613397359848,0
2021-06-01 07:04:55,3731.5810546875,38.5419540405273,-102.004852294922,-1.17673099040985,-1.50482702255249,0
2021-06-01 07:04:56,3731.04809570312,38.5405693054199,-102.004653930664,-0.543076455593109,-1.45321023464203,0
2021-06-01 07:04:57,3731.30151367188,38.5391426086426,-102.004386901855,-1.39038598537445,-1.33617389202118,0
2021-06-01 07:04:58,3732.28564453125,38.537769317627,-102.004081726074,-1.35768902301788,-1.48621678352356,2.65461630988284e-06
2021-06-01 07:04:59,3733.55346679688,38.5363655090332,-102.003723144531,-0.924559354782104,-1.60184895992279,0
2021-06-01 07:05:00,3734.68090820312,38.534984588623,-102.003280639648,-1.94993531703949,-1.64648354053497,2.43195222537906e-06
2021-06-01 07:05:01,3735.11376953125,38.533618927002,-102.002822875977,-1.76853847503662,-1.55463397502899,0
2021-06-01 07:05:02,3735.04638671875,38.5322494506836,-102.002288818359,-1.38606917858124,-1.5196897983551,2.43934050558892e-06
2021-06-01 07:05:03,3734.47607421875,38.5309143066406,-102.00170135498,-1.03725898265839,-1.42553424835205,2.29420166419914e-07
2021-06-01 07:05:04,3733.89453125,38.5295677185059,-102.001075744629,-0.754245460033417,-1.40174758434296,0
2021-06-01 07:05:05,3733.703125,38.5282592773438,-102.000389099121,-0.241423293948174,-1.41240513324738,1.34260960749089e-06
2021-06-01 07:05:06,3734.00219726562,38.5269393920898,-101.999649047852,-0.344902396202087,-1.47295737266541,0
2021-06-01 07:05:07,3734.70947265625,38.5256729125977,-101.99885559082,0.506030023097992,-1.25159883499146,0
2021-06-01 07:05:08,3735.61547851562,38.5244064331055,-101.998008728027,0.53485095500946,-1.07216572761536,0
2021-06-01 07:05:09,3736.54614257812,38.5231819152832,-101.997131347656,0.884566605091095,-0.964654505252838,2.2927190457267e-07
2021-06-01 07:05:10,3737.26733398438,38.5219497680664,-101.996185302734,0.795091509819031,-1.04444074630737,1.33603384711023e-06
2021-06-01 07:05:11,3737.44165039062,38.5207672119141,-101.995193481445,0.642030298709869,-1.14979803562164,0
2021-06-01 07:05:12,3736.72485351562,38.5195846557617,-101.994201660156,0.165663883090019,-1.36937272548676,0
2021-06-01 07:05:13,3734.95581054688,38.5184288024902,-101.993133544922,0.150622740387917,-1.48339998722076,0
2021-06-01 07:05:14,3731.88842773438,38.5172996520996,-101.991996765137,-0.36669397354126,-1.86284363269806,0
2021-06-01 07:05:15,3727.46557617188,38.5161895751953,-101.990859985352,-0.273343116044998,-2.04700541496277,0
2021-06-01 07:05:16,3722.05053710938,38.5151176452637,-101.989677429199,0.145613491535187,-2.02048373222351,3.59062250936404e-05
2021-06-01 07:05:17,3716.111328125,38.5140495300293,-101.988456726074,-0.254008144140244,-1.82924795150757,0
2021-06-01 07:05:18,3710.0205078125,38.5130577087402,-101.987197875977,-0.43410125374794,-1.81153285503387,0
2021-06-01 07:05:19,3703.986328125,38.5120544433594,-101.985900878906,-0.553462147712708,-1.73761308193207,2.29409991447938e-07
2021-06-01 07:05:20,3698.18212890625,38.5111045837402,-101.984565734863,-1.45403778553009,-1.67274808883667,2.67759378402843e-06
2021-06-01 07:05:21,3692.48486328125,38.510196685791,-101.983192443848,-1.19352293014526,-1.59107148647308,0
2021-06-01 07:05:22,3687.23901367188,38.5093193054199,-101.981811523438,-0.9096599817276,-1.43676292896271,0
2021-06-01 07:05:23,3682.02026367188,38.5084686279297,-101.980377197266,-0.790975570678711,-1.39160537719727,0
2021-06-01 07:05:24,3676.83056640625,38.5076713562012,-101.978889465332,-0.247684255242348,-1.38466536998749,0
2021-06-01 07:05:25,3671.94067382812,38.5068893432617,-101.977409362793,0.213044747710228,-1.36871719360352,0
2021-06-01 07:05:26,3667.41235351562,38.506175994873,-101.975883483887,0.155826538801193,-1.34197473526001,7.54126040192205e-06
2021-06-01 07:05:27,3663.17578125,38.5054779052734,-101.974327087402,0.113662622869015,-1.37017726898193,3.62217251677066e-05
2021-06-01 07:05:28,3658.74291992188,38.5048294067383,-101.972778320312,0.0565571784973145,-1.41662323474884,2.90273801510921e-05
2021-06-01 07:05:29,3653.85571289062,38.5042266845703,-101.971168518066,-0.452828139066696,-1.38227498531342,0
2021-06-01 07:05:30,3648.53149414062,38.5036392211914,-101.96955871582,0.0881963074207306,-1.19840753078461,2.31293867614113e-07
2021-06-01 07:05:31,3642.95043945312,38.503116607666,-101.967918395996,-0.041664119809866,-1.04800188541412,0
2021-06-01 07:05:32,3637.4140625,38.5026206970215,-101.966270446777,0.249990746378899,-1.008584856987,0
2021-06-01 07:05:33,3632.203125,38.5021934509277,-101.964614868164,0.202211812138557,-0.960873067378998,6.3387443560714e-07
2021-06-01 07:05:34,3627.5,38.5017738342285,-101.962928771973,0.708686351776123,-0.873810887336731,0
2021-06-01 07:05:35,3623.30322265625,38.5014190673828,-101.961235046387,0.953692495822906,-0.831199467182159,3.78622025891673e-05
2021-06-01 07:05:36,3619.29614257812,38.5011138916016,-101.959526062012,0.749730110168457,-0.503780007362366,0
2021-06-01 07:05:37,3615.037109375,38.5008277893066,-101.957817077637,0.343405872583389,-0.289200246334076,0
2021-06-01 07:05:38,3610.279296875,38.5006256103516,-101.956092834473,0.860060691833496,-0.154231175780296,0
2021-06-01 07:05:39,3605.07055664062,38.5004348754883,-101.954383850098,1.81710147857666,-0.126964524388313,0
2021-06-01 07:05:40,3599.8310546875,38.5002822875977,-101.952659606934,2.46680688858032,0.0140833929181099,0
2021-06-01 07:05:41,3594.8125,38.5002136230469,-101.950942993164,1.12977564334869,0.125869080424309,6.27479130344e-06
2021-06-01 07:05:42,3589.90258789062,38.5001754760742,-101.949195861816,0.817886233329773,0.0506167449057102,0
2021-06-01 07:05:43,3584.98950195312,38.500114440918,-101.947479248047,0.64036351442337,0.0659307986497879,6.34735158655531e-07
2021-06-01 07:05:44,3579.95361328125,38.5002136230469,-101.945762634277,0.628267109394073,0.153400212526321,0
2021-06-01 07:05:45,3574.67138671875,38.5002174377441,-101.944046020508,0.956430554389954,0.120133005082607,0
2021-06-01 07:05:46,3568.76831054688,38.5003852844238,-101.942344665527,0.892971694469452,-0.0355659388005733,2.47784691964625e-06
2021-06-01 07:05:47,3562.28930664062,38.5005226135254,-101.940650939941,0.726425766944885,-0.531574487686157,0
2021-06-01 07:05:48,3555.45629882812,38.5007400512695,-101.938972473145,0.586164951324463,-0.809992372989655,1.58360523982992e-06
2021-06-01 07:05:49,3548.4921875,38.5009841918945,-101.937301635742,0.0786430686712265,-1.04094231128693,1.34935658024915e-06
2021-06-01 07:05:50,3541.39306640625,38.5012664794922,-101.93563079834,-0.15884605050087,-1.15294480323792,2.31934748740059e-07
2021-06-01 07:05:51,3534.13793945312,38.5015983581543,-101.93399810791,-0.150674253702164,-1.21698725223541,4.78480387755553e-06
2021-06-01 07:05:52,3526.71997070312,38.5019645690918,-101.932357788086,0.19087640941143,-1.2060626745224,0
2021-06-01 07:05:53,3519.1064453125,38.5023918151855,-101.930770874023,0.223969966173172,-1.18509638309479,0
2021-06-01 07:05:54,3511.35107421875,38.5028228759766,-101.929176330566,0.228719800710678,-1.09726393222809,2.35543723192677e-07
2021-06-01 07:05:55,3503.70727539062,38.5033187866211,-101.927612304688,0.277716487646103,-1.04557585716248,6.47504691642098e-07
2021-06-01 07:05:56,3496.36840820312,38.5038375854492,-101.92610168457,0.384228974580765,-1.0075695514679,1.37713959702523e-06
2021-06-01 07:05:57,3489.4736328125,38.5044136047363,-101.924575805664,0.750680923461914,-0.977438688278198,1.3771560816167e-06
2021-06-01 07:05:58,3483.11401367188,38.5050239562988,-101.92310333252,0.771575331687927,-0.99961918592453,5.50578488400788e-06
2021-06-01 07:05:59,3477.25341796875,38.505672454834,-101.921669006348,0.423614710569382,-0.96653413772583,2.49869231083721e-06
2021-06-01 07:06:00,3471.76440429688,38.5063858032227,-101.920234680176,0.533392667770386,-0.94274914264679,0
2021-06-01 07:06:01,3466.18408203125,38.5070991516113,-101.918846130371,0.221191927790642,-0.897849559783936,1.3636420135299e-06
2021-06-01 07:06:02,3460.29052734375,38.5078506469727,-101.917488098145,0.529417037963867,-0.770340144634247,0
2021-06-01 07:06:03,3453.90600585938,38.5086364746094,-101.91618347168,0.582149863243103,-0.761771738529205,0
2021-06-01 07:06:04,3447.19091796875,38.5094757080078,-101.914901733398,0.661586701869965,-0.765664875507355,3.3268763218075e-05
2021-06-01 07:06:05,3440.3798828125,38.5103302001953,-101.913635253906,0.471429228782654,-0.780743956565857,0.000647518318146467
2021-06-01 07:06:06,3433.67309570312,38.5112152099609,-101.912445068359,0.386122018098831,-0.767048358917236,4.49277649750002e-06
2021-06-01 07:06:07,3427.10913085938,38.512134552002,-101.911262512207,0.830705523490906,-0.705090403556824,5.48848174730665e-06
2021-06-01 07:06:08,3420.57885742188,38.5130882263184,-101.91015625,0.531574606895447,-0.748591065406799,7.91843376646284e-06
2021-06-01 07:06:09,3413.73559570312,38.5140686035156,-101.909034729004,0.515315771102905,-0.693084299564362,1.36041126097552e-06
2021-06-01 07:06:10,3406.67749023438,38.5150718688965,-101.90803527832,0.250456154346466,-0.618905603885651,2.71971271104121e-06
2021-06-01 07:06:11,3399.50170898438,38.5160789489746,-101.907028198242,-0.111396312713623,-0.551443099975586,0.000223999028094113
2021-06-01 07:06:12,3392.35595703125,38.5171546936035,-101.906074523926,0.239495620131493,-0.498746633529663,0.000410976557759568
2021-06-01 07:06:13,3385.2216796875,38.5182266235352,-101.905166625977,0.0757288411259651,-0.351038187742233,1.36550784191058e-06
2021-06-01 07:06:14,3378.13647460938,38.5192947387695,-101.904327392578,-0.122552789747715,-0.32814610004425,1.35731932005001e-06
2021-06-01 07:06:15,3371.12329101562,38.5204238891602,-101.903533935547,-0.37420728802681,-0.152005910873413,5.17525950272102e-05
2021-06-01 07:06:16,3364.10424804688,38.5215377807617,-101.902786254883,-1.48809087276459,0.0644350722432137,0.00868013128638268
2021-06-01 07:06:17,3356.83764648438,38.5226936340332,-101.902099609375,-0.127007350325584,0.0507318414747715,0.446028232574463
2021-06-01 07:06:18,3349.73266601562,38.5238609313965,-101.901466369629,-1.49726343154907,0.0244092158973217,0.0858354642987251
2021-06-01 07:06:19,3342.20385742188,38.5250434875488,-101.900863647461,-1.40777492523193,-0.0143061531707644,0.00955629535019398
2021-06-01 07:06:20,3334.54541015625,38.5262145996094,-101.900321960449,-2.01547956466675,0.122357703745365,0.217858776450157
2021-06-01 07:06:21,3326.60864257812,38.5274353027344,-101.899871826172,-1.47628450393677,0.411745637655258,0.513926327228546
2021-06-01 07:06:22,3318.97119140625,38.5286140441895,-101.899429321289,-0.86981213092804,0.464863240718842,0.532810270786285
2021-06-01 07:06:23,3311.39672851562,38.5298500061035,-101.899070739746,-1.56614708900452,0.406081944704056,1.6183104207812e-06
2021-06-01 07:06:24,3304.07299804688,38.5310707092285,-101.89875793457,-0.81484317779541,0.326310008764267,0
2021-06-01 07:06:25,3297.13720703125,38.532299041748,-101.898475646973,-0.662020087242126,0.362670928239822,0
2021-06-01 07:06:26,3290.5341796875,38.5335273742676,-101.898300170898,-0.346296072006226,0.438371241092682,0
2021-06-01 07:06:27,3284.30541992188,38.5347633361816,-101.898178100586,-0.445093154907227,0.383053988218307,2.37140241665657e-07
2021-06-01 07:06:28,3278.2451171875,38.5359992980957,-101.898025512695,-0.740384161472321,0.435826599597931,4.75520920417694e-07
2021-06-01 07:06:29,3272.15185546875,38.5372352600098,-101.898025512695,-0.415291219949722,0.448349982500076,0
2021-06-01 07:06:30,3265.86669921875,38.5384788513184,-101.898025512695,0.00443690875545144,0.451478958129883,2.52718496085436e-06
2021-06-01 07:06:31,3259.57641601562,38.539722442627,-101.898162841797,0.57547527551651,0.434451878070831,4.71947856794941e-07
2021-06-01 07:06:32,3253.47900390625,38.5409622192383,-101.89826965332,-0.134063333272934,0.464256882667542,0
2021-06-01 07:06:33,3247.37744140625,38.5421829223633,-101.898445129395,-0.641274273395538,0.591543674468994,2.93708944809623e-05
2021-06-01 07:06:34,3240.96850585938,38.5434074401855,-101.898658752441,-0.301660478115082,0.774544894695282,0
2021-06-01 07:06:35,3233.84741210938,38.5446319580078,-101.898918151855,-0.791961371898651,0.70226114988327,1.3773658338323e-06
2021-06-01 07:06:36,3226.14697265625,38.5458602905273,-101.89916229248,-0.672521889209747,0.63135689496994,6.61791682432522e-06
2021-06-01 07:06:37,3218.275390625,38.5470848083496,-101.899482727051,-0.287348061800003,0.751420140266418,1.36366804781574e-06
2021-06-01 07:06:38,3210.76684570312,38.5482864379883,-101.899795532227,0.255957216024399,0.95731121301651,6.45113345854043e-07
2021-06-01 07:06:39,3203.54614257812,38.5494995117188,-101.900161743164,0.685419917106628,1.14648985862732,4.4135631469544e-06
2021-06-01 07:06:40,3196.77294921875,38.5506820678711,-101.900550842285,0.662551283836365,1.18578553199768,0
2021-06-01 07:06:41,3189.90356445312,38.5518798828125,-101.900947570801,0.110565602779388,1.1729588508606,1.39119765663054e-06
2021-06-01 07:06:42,3183.17578125,38.5530700683594,-101.901382446289,0.907615959644318,1.22598481178284,1.31117558339611e-05
2021-06-01 07:06:43,3176.54321289062,38.5542526245117,-101.901840209961,0.307327270507812,1.25953793525696,1.63844822509418e-06
2021-06-01 07:06:44,3169.76416015625,38.5554351806641,-101.902290344238,1.65280497074127,1.23685479164124,1.57519407366635e-05
2021-06-01 07:06:45,3163.43676757812,38.5566177368164,-101.902763366699,0.7146857380867,1.14744555950165,0.000171083534951322
2021-06-01 07:06:46,3156.775390625,38.5578002929688,-101.903213500977,0.79363888502121,1.17712509632111,8.76904887263663e-05
2021-06-01 07:06:47,3149.88940429688,38.558967590332,-101.903701782227,-0.0881498903036118,1.0019816160202,0.000153466549818404
2021-06-01 07:06:48,3142.73022460938,38.5601615905762,-101.904182434082,1.23356747627258,1.20408928394318,2.38911013639154e-07
2021-06-01 07:06:49,3136.45288085938,38.5613327026367,-101.904678344727,0.5721555352211,1.18391489982605,0
2021-06-01 07:06:50,3130.28125,38.5625114440918,-101.905158996582,-1.12782406806946,1.23213386535645,0.00102316308766603
2021-06-01 07:06:51,3124.1435546875,38.5636940002441,-101.905654907227,-0.458816945552826,1.20463120937347,0.00568216992542148
2021-06-01 07:06:52,3118.58642578125,38.5648765563965,-101.90616607666,-0.196952179074287,1.17953753471375,0.000693411624524742
2021-06-01 07:06:53,3113.77294921875,38.5660705566406,-101.90665435791,0.0215874817222357,1.33793890476227,2.32003640121548e-05
2021-06-01 07:06:54,3110.0888671875,38.567253112793,-101.907150268555,-0.839935779571533,1.4385107755661,0.00736167654395103
2021-06-01 07:06:55,3107.23168945312,38.5684356689453,-101.907638549805,-0.943722546100616,1.60038816928864,0.0131485834717751
2021-06-01 07:06:56,3105.01879882812,38.5696296691895,-101.908126831055,-0.960713803768158,1.54395973682404,0.0744502767920494
2021-06-01 07:06:57,3103.0771484375,38.5708122253418,-101.908638000488,-0.604770600795746,1.67054307460785,0.285382091999054
2021-06-01 07:06:58,3101.54516601562,38.5719909667969,-101.909118652344,0.0882689207792282,1.73477959632874,0.219016894698143
2021-06-01 07:06:59,3100.62963867188,38.5731887817383,-101.909614562988,-1.45209264755249,1.88959944248199,0.58076149225235
2021-06-01 07:07:00,3099.6552734375,38.5743713378906,-101.910110473633,-1.72047281265259,1.89712285995483,0.565418004989624
2021-06-01 07:07:01,3098.53833007812,38.5755424499512,-101.910606384277,-1.55179929733276,1.73327374458313,0.392021805047989
2021-06-01 07:07:02,3097.53491210938,38.5767478942871,-101.911087036133,-0.171213701367378,1.56258416175842,0.239435151219368
2021-06-01 07:07:03,3097.15771484375,38.5779151916504,-101.911582946777,-2.17790269851685,1.75558638572693,0
2021-06-01 07:07:04,3097.3046875,38.5790977478027,-101.912078857422,-0.425076723098755,2.07753348350525,0.00722315674647689
2021-06-01 07:07:05,3097.94067382812,38.5802917480469,-101.912574768066,-0.450824439525604,2.14990973472595,0.136791884899139
2021-06-01 07:07:06,3098.59814453125,38.5814743041992,-101.913070678711,0.569420576095581,2.10114431381226,0.533037424087524
2021-06-01 07:07:07,3099.77392578125,38.5826568603516,-101.91357421875,0.679671347141266,1.95125532150269,0.50648695230484
2021-06-01 07:07:08,3101.52563476562,38.5838356018066,-101.914085388184,1.52617597579956,1.96007812023163,0.709670603275299
2021-06-01 07:07:09,3103.38403320312,38.585018157959,-101.914581298828,0.948393106460571,1.8508768081665,0.0162133146077394
2021-06-01 07:07:10,3105.0693359375,38.5862007141113,-101.915115356445,0.485171675682068,1.81063520908356,0.00330508779734373
2021-06-01 07:07:11,3105.87475585938,38.5873680114746,-101.915626525879,-1.27615821361542,1.84008610248566,0.0579702742397785
2021-06-01 07:07:12,3105.3642578125,38.588565826416,-101.916145324707,-0.216503217816353,1.76139092445374,0.115371249616146
2021-06-01 07:07:13,3104.21801757812,38.5897598266602,-101.916664123535,0.796065211296082,1.84445583820343,0.146975070238113
2021-06-01 07:07:14,3102.76171875,38.5909271240234,-101.917175292969,-0.057227585464716,1.75080716609955,0.091416709125042
2021-06-01 07:07:15,3101.29931640625,38.5921363830566,-101.917686462402,-0.230683401226997,1.65069031715393,0.0310370270162821
2021-06-01 07:07:16,3100.37817382812,38.5933303833008,-101.918190002441,-0.0522373504936695,1.62757337093353,0.00209358194842935
2021-06-01 07:07:17,3100.1396484375,38.5945281982422,-101.918701171875,-0.414793521165848,1.77033245563507,0.00527740176767111
2021-06-01 07:07:18,3100.33374023438,38.5957221984863,-101.919212341309,-0.843195140361786,1.89154016971588,2.36448414625556e-07
2021-06-01 07:07:19,3100.40698242188,38.5969047546387,-101.919731140137,-1.11694347858429,1.98370373249054,0.000801510410383344
2021-06-01 07:07:20,3100.125,38.5981216430664,-101.920227050781,-0.319276690483093,1.89618849754333,0.109896533191204
2021-06-01 07:07:21,3099.93920898438,38.599308013916,-101.920738220215,1.05732989311218,1.85323166847229,0.220083862543106
2021-06-01 07:07:22,3100.22729492188,38.600513458252,-101.921257019043,0.752208828926086,1.85501289367676,0.162676736712456
2021-06-01 07:07:23,3100.92700195312,38.6016960144043,-101.921752929688,0.166706740856171,1.62838780879974,0.091472752392292
2021-06-01 07:07:24,3101.90087890625,38.6029167175293,-101.922286987305,-0.698434174060822,1.51914918422699,0.0384867191314697
2021-06-01 07:07:25,3102.2685546875,38.6040992736816,-101.922798156738,-0.836816549301147,1.5781546831131,0.00686215376481414
2021-06-01 07:07:26,3102.54418945312,38.6053199768066,-101.923316955566,0.273499041795731,1.67483294010162,0.0188098214566708
2021-06-01 07:07:27,3102.80395507812,38.606502532959,-101.923851013184,0.552890121936798,1.75424289703369,0.0164280943572521
2021-06-01 07:07:28,3103.22436523438,38.6077079772949,-101.924346923828,0.455988496541977,1.71144104003906,0.0142240058630705
2021-06-01 07:07:29,3103.5322265625,38.6089057922363,-101.924880981445,0.139333635568619,1.4996817111969,0.0767767131328583
2021-06-01 07:07:30,3103.8642578125,38.6101112365723,-101.925415039062,0.409385025501251,1.46929311752319,0.450486123561859
2021-06-01 07:07:31,3104.52465820312,38.6113090515137,-101.925926208496,0.833138227462769,1.63373172283173,0.510824978351593
2021-06-01 07:07:32,3105.13989257812,38.6125297546387,-101.926445007324,-0.22456268966198,1.70264708995819,0.369836866855621
2021-06-01 07:07:33,3105.69384765625,38.6137275695801,-101.926979064941,1.91287684440613,1.92518699169159,0.476501673460007
2021-06-01 07:07:34,3106.34765625,38.614933013916,-101.927513122559,1.75312519073486,2.04715323448181,0.579503238201141
2021-06-01 07:07:35,3106.51513671875,38.6161422729492,-101.928039550781,0.232068538665771,1.83191347122192,0.359727919101715
2021-06-01 07:07:36,3106.271484375,38.6173515319824,-101.92854309082,0.340999186038971,1.71980357170105,0.418816268444061
2021-06-01 07:07:37,3105.72143554688,38.6185455322266,-101.929077148438,-0.94460654258728,1.85110211372375,0.608517229557037
2021-06-01 07:07:38,3104.47412109375,38.6197662353516,-101.929573059082,-1.26041853427887,1.72427403926849,0.459690600633621
2021-06-01 07:07:39,3102.93676757812,38.6209754943848,-101.930114746094,-2.54310393333435,1.80040228366852,0.279475450515747
2021-06-01 07:07:40,3101.2734375,38.6221694946289,-101.930618286133,-1.04932880401611,2.09930229187012,0.41545781493187
2021-06-01 07:07:41,3099.76538085938,38.6233901977539,-101.931144714355,-2.38242769241333,2.00221657752991,0.389314591884613
2021-06-01 07:07:42,3098.25659179688,38.624584197998,-101.931663513184,-1.35336971282959,1.94988071918488,0.550203740596771
2021-06-01 07:07:43,3097.73583984375,38.6257934570312,-101.932167053223,-0.863221824169159,1.99497365951538,0.648776054382324
2021-06-01 07:07:44,3098.1748046875,38.6269912719727,-101.932662963867,0.86251699924469,2.00374555587769,0.333064138889313
2021-06-01 07:07:45,3099.40551757812,38.6282119750977,-101.93318939209,-0.0126352682709694,1.95055305957794,0.453209668397903
2021-06-01 07:07:46,3100.318359375,38.6294059753418,-101.933692932129,-0.234157606959343,1.88145649433136,0.549350559711456
2021-06-01 07:07:47,3100.77026367188,38.630615234375,-101.934188842773,0.526312828063965,1.85290515422821,0.412634193897247
2021-06-01 07:07:48,3101.01440429688,38.6318244934082,-101.934684753418,0.943045020103455,1.73991942405701,NaN
2021-06-01 07:07:49,3101.2802734375,38.6330299377441,-101.935180664062,0.533371090888977,1.98581743240356,0.540318846702576
2021-06-01 07:07:50,3101.74536132812,38.6342277526855,-101.935691833496,1.52496218681335,2.07139539718628,0.516249060630798
2021-06-01 07:07:51,3102.7275390625,38.6354331970215,-101.936195373535,3.00248980522156,2.33705234527588,0.959089875221252
2021-06-01 07:07:52,3104.10571289062,38.6366271972656,-101.936706542969,2.84255480766296,2.31090307235718,1.04454171657562
2021-06-01 07:07:53,3106.02685546875,38.637825012207,-101.937240600586,3.61474275588989,2.37830448150635,1.40594577789307
2021-06-01 07:07:54,3108.09912109375,38.639030456543,-101.93775177002,2.06671619415283,2.04169845581055,0.239687904715538
2021-06-01 07:07:55,3109.58129882812,38.6402282714844,-101.938270568848,1.99653625488281,2.20706748962402,0
2021-06-01 07:07:56,3110.1015625,38.6414070129395,-101.938804626465,-0.287870645523071,2.08528971672058,9.32741822907701e-05
2021-06-01 07:07:57,3108.91821289062,38.6426315307617,-101.939323425293,-1.18644690513611,2.06685614585876,0.00564922206103802
2021-06-01 07:07:58,3106.88842773438,38.6438102722168,-101.939834594727,-1.04622459411621,2.17565727233887,1.71644151123473e-05
2021-06-01 07:07:59,3104.552734375,38.64501953125,-101.940368652344,0.206332460045815,2.5884530544281,2.33400385241112e-07
2021-06-01 07:08:00,3102.56982421875,38.6462020874023,-101.940879821777,0.701346635818481,2.83296084403992,0
2021-06-01 07:08:01,3101.36499023438,38.6473960876465,-101.941398620605,-1.57111155986786,2.91452693939209,7.56904555601068e-05
2021-06-01 07:08:02,3100.01440429688,38.6485939025879,-101.94189453125,-3.91700553894043,2.77096843719482,1.60298770879308e-06
2021-06-01 07:08:03,3098.28930664062,38.6497764587402,-101.942413330078,-2.36726212501526,2.58732557296753,1.36669029870973e-06
2021-06-01 07:08:04,3096.19677734375,38.6509819030762,-101.942924499512,-6.11460256576538,2.92681980133057,0
2021-06-01 07:08:05,3093.45874023438,38.6521644592285,-101.94344329834,0.0359280668199062,3.19624042510986,0
2021-06-01 07:08:06,3092.23779296875,38.6533584594727,-101.943954467773,-3.24363422393799,2.96971249580383,0.000200975337065756
2021-06-01 07:08:07,3090.13500976562,38.6545524597168,-101.944473266602,-0.870340287685394,2.67894887924194,2.44228118617684e-07
2021-06-01 07:08:08,3089.40673828125,38.6557350158691,-101.944984436035,-0.686988890171051,2.13142490386963,4.18045556216384e-06
2021-06-01 07:08:09,3089.7900390625,38.6569366455078,-101.94548034668,-0.662831544876099,2.4385461807251,0
2021-06-01 07:08:10,3091.85864257812,38.6581268310547,-101.945991516113,1.19113111495972,2.6472749710083,4.94043035814684e-07
2021-06-01 07:08:11,3094.8525390625,38.6593246459961,-101.946479797363,0.989605486392975,2.41307234764099,0.000326958106597885
2021-06-01 07:08:12,3097.525390625,38.660530090332,-101.947006225586,-0.188360258936882,2.25988531112671,0.0048484574072063
2021-06-01 07:08:13,3100.14599609375,38.6617164611816,-101.94750213623,1.75137424468994,2.3355233669281,0
2021-06-01 07:08:14,3102.34790039062,38.6629333496094,-101.94800567627,-1.8283360004425,2.16084289550781,0
2021-06-01 07:08:15,3102.9462890625,38.6641311645508,-101.948532104492,-3.69273948669434,2.29156923294067,0.00812952499836683
2021-06-01 07:08:16,3102.45043945312,38.6653480529785,-101.949028015137,-0.36752325296402,2.01119518280029,0.140428334474564
2021-06-01 07:08:17,3102.0185546875,38.666561126709,-101.949523925781,0.0168027468025684,1.59598803520203,0.148315101861954
2021-06-01 07:08:18,3101.39477539062,38.6677894592285,-101.950012207031,-2.25958013534546,1.57373642921448,0.218533203005791
2021-06-01 07:08:19,3100.87231445312,38.6690139770508,-101.950508117676,-3.48911261558533,1.5380277633667,0.0272227507084608
2021-06-01 07:08:20,3100.49658203125,38.6702346801758,-101.95100402832,-1.75299310684204,1.63499736785889,0.079447865486145
2021-06-01 07:08:21,3100.169921875,38.6714744567871,-101.951499938965,-2.15687847137451,1.42119193077087,0.272615760564804
2021-06-01 07:08:22,3099.85961914062,38.6727180480957,-101.951995849609,-1.58708155155182,1.44473481178284,0.360912263393402
2021-06-01 07:08:23,3100.52612304688,38.673942565918,-101.952499389648,-0.307123869657516,1.49462950229645,0.257678896188736
2021-06-01 07:08:24,3101.93334960938,38.6751708984375,-101.953002929688,1.86727476119995,1.56875991821289,0.530718088150024
2021-06-01 07:08:25,3104.27954101562,38.6764106750488,-101.953506469727,1.81924378871918,1.90195274353027,0.8212970495224
2021-06-01 07:08:26,3106.50317382812,38.6776428222656,-101.954002380371,-0.396879285573959,1.70771420001984,0.516804814338684
2021-06-01 07:08:27,3108.00268554688,38.6788673400879,-101.954498291016,-0.145937740802765,1.97200441360474,0.610672354698181
2021-06-01 07:08:28,3108.751953125,38.6801223754883,-101.95499420166,-1.66684281826019,1.55048441886902,0.383287310600281
2021-06-01 07:08:29,3108.10400390625,38.6813468933105,-101.955490112305,-1.58488857746124,1.56610679626465,0
2021-06-01 07:08:30,3107.34545898438,38.6825790405273,-101.955993652344,-0.526659190654755,1.71409595012665,0
2021-06-01 07:08:31,3106.70825195312,38.6838302612305,-101.956489562988,0.012918715365231,1.74189782142639,3.35089134750888e-06
2021-06-01 07:08:32,3106.4619140625,38.6850509643555,-101.956985473633,0.5138218998909,1.82275450229645,1.36246194415435e-06
2021-06-01 07:08:33,3106.5830078125,38.6863021850586,-101.957481384277,0.237403959035873,1.85107254981995,2.33816265904352e-07
2021-06-01 07:08:34,3106.82836914062,38.6875305175781,-101.957977294922,0.541434049606323,1.8589848279953,2.48643050326791e-06
2021-06-01 07:08:35,3107.17993164062,38.6887817382812,-101.958457946777,0.42963582277298,1.83550751209259,3.83560563932406e-06
2021-06-01 07:08:36,3107.44018554688,38.6900024414062,-101.958953857422,0.446990609169006,1.87211835384369,2.32932492849613e-07
2021-06-01 07:08:37,3107.61499023438,38.6912536621094,-101.959434509277,0.338701784610748,1.89737665653229,0
2021-06-01 07:08:38,3107.50341796875,38.6924819946289,-101.959930419922,0.166053459048271,1.93405425548553,2.92060922220116e-05
2021-06-01 07:08:39,3107.09130859375,38.6937065124512,-101.960403442383,0.240466177463531,1.98282825946808,0
2021-06-01 07:08:40,3106.4873046875,38.694938659668,-101.960891723633,0.538163125514984,2.05321431159973,1.2884723219031e-05
2021-06-01 07:08:41,3105.86010742188,38.696159362793,-101.961387634277,0.352229356765747,2.02184677124023,1.80397619260475e-05
2021-06-01 07:08:42,3105.1962890625,38.6974105834961,-101.961875915527,0.0311070345342159,2.03299999237061,0
2021-06-01 07:08:43,3104.623046875,38.6986351013184,-101.962356567383,0.0967417731881142,2.1142430305481,4.13143425248563e-06
2021-06-01 07:08:44,3104.24169921875,38.6998634338379,-101.962821960449,0.211219593882561,2.1129891872406,2.34795805909016e-07
2021-06-01 07:08:45,3103.93725585938,38.7010879516602,-101.963279724121,-0.0830973759293556,2.22167062759399,0
2021-06-01 07:08:46,3103.67797851562,38.702320098877,-101.963729858398,-0.303115785121918,2.33237624168396,0
2021-06-01 07:08:47,3103.28393554688,38.703556060791,-101.964141845703,-0.278243839740753,2.34177732467651,0
2021-06-01 07:08:48,3102.60961914062,38.7047920227051,-101.964538574219,-0.211266085505486,2.33140540122986,0
2021-06-01 07:08:49,3101.77880859375,38.7060432434082,-101.964897155762,-0.396888226270676,2.28101420402527,8.85761835434096e-07
2021-06-01 07:08:50,3100.94409179688,38.7072982788086,-101.965217590332,-0.451010376214981,2.25322294235229,0
2021-06-01 07:08:51,3100.25805664062,38.7085800170898,-101.965446472168,-0.232140809297562,2.20177793502808,0
2021-06-01 07:08:52,3099.89721679688,38.709831237793,-101.965637207031,-0.0319240614771843,2.18748950958252,0
2021-06-01 07:08:53,3099.9453125,38.7111129760742,-101.965805053711,-0.172722443938255,2.21684312820435,1.55741872731596e-05
2021-06-01 07:08:54,3100.40576171875,38.7123947143555,-101.965827941895,-0.404263317584991,2.20275044441223,0
2021-06-01 07:08:55,3101.18627929688,38.7136573791504,-101.965827941895,-0.570228278636932,2.22683095932007,0
2021-06-01 07:08:56,3102.06909179688,38.7149429321289,-101.965827941895,-0.588810086250305,2.17703032493591,1.18651551019866e-05
2021-06-01 07:08:57,3102.99072265625,38.7162322998047,-101.965728759766,-0.430756241083145,2.15081524848938,6.52593598715612e-07
2021-06-01 07:08:58,3103.90356445312,38.7174797058105,-101.965560913086,-0.380796819925308,2.13582563400269,0
2021-06-01 07:08:59,3104.76098632812,38.7187576293945,-101.965377807617,-0.311544835567474,2.12825274467468,0
2021-06-01 07:09:00,3105.4814453125,38.720027923584,-101.96509552002,-0.559746205806732,2.07769012451172,0
2021-06-01 07:09:01,3106.27490234375,38.7212829589844,-101.964805603027,0.227851584553719,2.02941727638245,0
2021-06-01 07:09:02,3107.28198242188,38.7225341796875,-101.964447021484,0.0827982500195503,2.02191042900085,0
2021-06-01 07:09:03,3108.1826171875,38.7237854003906,-101.964088439941,-0.246421664953232,1.96750736236572,0
2021-06-01 07:09:04,3108.68408203125,38.7250213623047,-101.963691711426,-0.553301334381104,1.93369626998901,0
2021-06-01 07:09:05,3108.65185546875,38.7262725830078,-101.963287353516,-0.485345512628555,1.88820481300354,9.34063882596092e-06
2021-06-01 07:09:06,3108.11254882812,38.7275123596191,-101.962890625,-0.470814317464828,1.87355256080627,2.3777005253578e-07
2021-06-01 07:09:07,3107.27221679688,38.7287521362305,-101.962448120117,-0.287289351224899,1.89323079586029,0
2021-06-01 07:09:08,3106.41748046875,38.7299995422363,-101.962005615234,-0.580803394317627,1.95918726921082,0
2021-06-01 07:09:09,3105.63720703125,38.7312240600586,-101.961555480957,-0.626763224601746,2.09709405899048,0
2021-06-01 07:09:10,3104.98364257812,38.732479095459,-101.961158752441,-0.112065359950066,2.22684335708618,2.38820149434105e-07
2021-06-01 07:09:11,3104.44458007812,38.733715057373,-101.960746765137,-0.145546913146973,2.16678404808044,1.625826939744e-06
2021-06-01 07:09:12,3104.087890625,38.7349624633789,-101.960350036621,-0.638748824596405,2.06600522994995,0
2021-06-01 07:09:13,3103.99243164062,38.736213684082,-101.960021972656,-0.187532916665077,2.00809121131897,0
2021-06-01 07:09:14,3104.18408203125,38.7374839782715,-101.959732055664,0.110488869249821,1.8935010433197,0
2021-06-01 07:09:15,3104.44580078125,38.7387466430664,-101.959465026855,-0.202441915869713,1.80335557460785,0
2021-06-01 07:09:16,3104.83178710938,38.7400054931641,-101.959266662598,-0.0809538513422012,1.78493642807007,2.36381254126172e-07
2021-06-01 07:09:17,3105.5419921875,38.7412948608398,-101.959136962891,-0.415428280830383,1.84219241142273,0
2021-06-01 07:09:18,3106.36987304688,38.7425575256348,-101.959129333496,-0.272913753986359,1.84707176685333,0
2021-06-01 07:09:19,3107.3359375,38.7438354492188,-101.959022521973,-0.245399251580238,1.79694986343384,0
2021-06-01 07:09:20,3108.2587890625,38.7451057434082,-101.959136962891,-0.983339428901672,1.76534783840179,2.02494697987277e-06
2021-06-01 07:09:21,3108.99072265625,38.7463684082031,-101.959167480469,-0.836614549160004,1.79627978801727,0
2021-06-01 07:09:22,3109.61450195312,38.7476387023926,-101.959327697754,0.136702477931976,1.85958755016327,0
2021-06-01 07:09:23,3109.99926757812,38.7488899230957,-101.959533691406,-0.800135791301727,1.72222805023193,0
2021-06-01 07:09:24,3109.986328125,38.7501449584961,-101.95979309082,0.016215480864048,1.68981087207794,0
2021-06-01 07:09:25,3110.05908203125,38.7513847351074,-101.960105895996,-0.0190840810537338,1.72447264194489,0
2021-06-01 07:09:26,3110.03784179688,38.7526168823242,-101.960479736328,-0.335161149501801,1.74656474590302,0
2021-06-01 07:09:27,3110.00854492188,38.7538375854492,-101.960876464844,-0.276966661214828,1.70321488380432,1.36854657739605e-06
2021-06-01 07:09:28,3110.0498046875,38.7550354003906,-101.961357116699,-0.439332008361816,1.73119282722473,2.33945428362858e-07
2021-06-01 07:09:29,3110.04833984375,38.7562294006348,-101.961868286133,-0.249131768941879,1.83048963546753,2.3437873153398e-07
2021-06-01 07:09:30,3110.05224609375,38.757396697998,-101.962463378906,-0.422005474567413,1.90436446666718,0
2021-06-01 07:09:31,3109.85473632812,38.7585487365723,-101.963073730469,-0.63467413187027,1.90082991123199,0
2021-06-01 07:09:32,3109.31811523438,38.7596969604492,-101.963760375977,-0.905683577060699,2.01291680335999,0
2021-06-01 07:09:33,3108.46313476562,38.7607803344727,-101.964469909668,-1.08677184581757,2.02722191810608,1.3774167655356e-06
2021-06-01 07:09:34,3107.40698242188,38.7618637084961,-101.96524810791,-0.619238913059235,1.98037338256836,0
2021-06-01 07:09:35,3106.33984375,38.7629241943359,-101.96605682373,-0.610368311405182,1.93551731109619,2.36892461202842e-07
2021-06-01 07:09:36,3105.03149414062,38.7639999389648,-101.966926574707,-0.652625381946564,1.87077295780182,0
2021-06-01 07:09:37,3103.21069335938,38.7650184631348,-101.967834472656,-0.609635949134827,1.88231515884399,0
2021-06-01 07:09:38,3100.40869140625,38.7660217285156,-101.968780517578,-0.417128682136536,1.87080419063568,0
2021-06-01 07:09:39,3096.45922851562,38.7669868469238,-101.969757080078,-0.498451620340347,1.84338986873627,1.38513246383809e-06
2021-06-01 07:09:40,3091.53857421875,38.7679252624512,-101.97078704834,-0.453455328941345,1.8457840681076,0
2021-06-01 07:09:41,3086.03784179688,38.7688484191895,-101.971817016602,-0.481912672519684,1.83557820320129,0
2021-06-01 07:09:42,3080.43994140625,38.7697448730469,-101.972969055176,-0.0442449375987053,1.8775452375412,3.90956711271429e-06
2021-06-01 07:09:43,3074.99365234375,38.7705993652344,-101.974098205566,-0.45713409781456,1.95161151885986,2.38058021295728e-07
2021-06-01 07:09:44,3069.6220703125,38.771411895752,-101.975273132324,-0.358148157596588,1.87884509563446,0
2021-06-01 07:09:45,3064.31689453125,38.7722129821777,-101.976501464844,-0.255008190870285,1.9206782579422,0
2021-06-01 07:09:46,3059.08178710938,38.7729721069336,-101.977729797363,-0.425854444503784,2.01948523521423,2.77443064078398e-06
2021-06-01 07:09:47,3053.80981445312,38.7736854553223,-101.979011535645,-0.854783594608307,2.11460113525391,2.38556253862043e-07
2021-06-01 07:09:48,3048.4228515625,38.7743606567383,-101.980316162109,-0.73265677690506,2.13722610473633,0
2021-06-01 07:09:49,3042.99462890625,38.7749938964844,-101.981666564941,-0.377027690410614,2.21470308303833,0
2021-06-01 07:09:50,3037.52099609375,38.7756156921387,-101.983039855957,-0.743541419506073,2.25063061714172,2.53812277151155e-06
2021-06-01 07:09:51,3031.92944335938,38.7761650085449,-101.984443664551,-1.76008892059326,2.29067707061768,0
2021-06-01 07:09:52,3026.18725585938,38.7766876220703,-101.985832214355,-0.871479570865631,2.33626794815063,0
2021-06-01 07:09:53,3020.64575195312,38.7771797180176,-101.987297058105,-0.774740755558014,2.49858498573303,6.52062396966357e-07
2021-06-01 07:09:54,3015.14575195312,38.7776145935059,-101.988754272461,-0.442822694778442,2.67157626152039,2.39239881238973e-07
2021-06-01 07:09:55,3009.69946289062,38.7780265808105,-101.990242004395,-0.584126651287079,2.70477366447449,0
2021-06-01 07:09:56,3004.07788085938,38.778392791748,-101.991737365723,-1.30957615375519,2.7087676525116,0
2021-06-01 07:09:57,2998.25219726562,38.7787094116211,-101.99324798584,-0.760838150978088,2.81366801261902,1.38922234782513e-06
2021-06-01 07:09:58,2992.63110351562,38.7789878845215,-101.994758605957,-0.832446575164795,2.94243717193604,4.43027420260478e-06
2021-06-01 07:09:59,2987.29174804688,38.7792320251465,-101.996315002441,-0.838580548763275,2.96976065635681,0
2021-06-01 07:10:00,2982.20361328125,38.779411315918,-101.997848510742,-0.783237218856812,3.066326379776,0
2021-06-01 07:10:01,2977.2529296875,38.7795372009277,-101.999420166016,-0.66186797618866,3.19734573364258,0
2021-06-01 07:10:02,2972.259765625,38.7796783447266,-102.000984191895,-1.03759396076202,3.25004959106445,2.32951078942278e-05
2021-06-01 07:10:03,2966.9677734375,38.7796783447266,-102.002540588379,-0.545497536659241,3.18232464790344,0
2021-06-01 07:10:04,2961.40258789062,38.7796783447266,-102.004119873047,-0.763880014419556,3.41964173316956,0
2021-06-01 07:10:05,2955.80908203125,38.7796783447266,-102.00569152832,-0.619101941585541,3.49701118469238,2.38816170394784e-07
2021-06-01 07:10:06,2950.2509765625,38.779655456543,-102.007247924805,-0.359116941690445,3.55213594436646,4.19686375607853e-06
2021-06-01 07:10:07,2944.82348632812,38.7795066833496,-102.008819580078,0.0332733392715454,3.65648341178894,0.00555875571444631
2021-06-01 07:10:08,2939.6181640625,38.7793502807617,-102.010368347168,-0.474021434783936,3.78235387802124,0.292828261852264
2021-06-01 07:10:09,2934.23950195312,38.7791290283203,-102.011924743652,-0.900530338287354,3.45042490959167,0.2279252409935
2021-06-01 07:10:10,2928.50341796875,38.7789001464844,-102.013473510742,-1.10206580162048,3.52917742729187,0.304681777954102
2021-06-01 07:10:11,2922.72436523438,38.7785873413086,-102.014999389648,0.127028495073318,3.56105637550354,0.612180411815643
2021-06-01 07:10:12,2917.06787109375,38.7782707214355,-102.01651763916,1.41746723651886,3.7081127166748,0.635100185871124
2021-06-01 07:10:13,2911.95751953125,38.7778968811035,-102.018020629883,0.973172187805176,3.6188325881958,0.522369801998138
2021-06-01 07:10:14,2907.0751953125,38.7774810791016,-102.019508361816,-0.220643892884254,3.50491642951965,0.297514677047729
2021-06-01 07:10:15,2901.86303710938,38.7770118713379,-102.020965576172,2.87248682975769,3.65174174308777,0.541442632675171
2021-06-01 07:10:16,2897.22534179688,38.7765312194824,-102.022453308105,5.16133451461792,3.96834588050842,0.966935276985168
2021-06-01 07:10:17,2893.42626953125,38.7759819030762,-102.023887634277,5.48742198944092,4.16916084289551,1.00306522846222
2021-06-01 07:10:18,2890.7392578125,38.7753715515137,-102.025283813477,6.08590507507324,4.20816898345947,0.976995825767517
2021-06-01 07:10:19,2889.47021484375,38.7747383117676,-102.026672363281,5.20142602920532,4.04406785964966,0.870838224887848
2021-06-01 07:10:20,2888.61572265625,38.7740783691406,-102.028038024902,2.69425797462463,3.86554145812988,0.70030665397644
2021-06-01 07:10:21,2886.82397460938,38.7733497619629,-102.029373168945,1.1884970664978,3.4769082069397,0.501924872398376
2021-06-01 07:10:22,2883.62963867188,38.7725868225098,-102.030670166016,-0.0725420266389847,3.34183764457703,0.0834136232733727
2021-06-01 07:10:23,2878.65795898438,38.7717933654785,-102.031959533691,-0.0167279243469238,3.34409117698669,0.000176646499312483
2021-06-01 07:10:24,2871.88110351562,38.7709770202637,-102.033195495605,-0.31686395406723,3.54242730140686,0
2021-06-01 07:10:25,2863.41162109375,38.7701110839844,-102.034423828125,-1.05897295475006,3.75947761535645,0
2021-06-01 07:10:26,2854.18994140625,38.7692451477051,-102.035606384277,0.336261421442032,3.9701783657074,0
2021-06-01 07:10:27,2845.49291992188,38.7683258056641,-102.036773681641,0.782395839691162,3.8744101524353,3.70915986422915e-05
2021-06-01 07:10:28,2837.85229492188,38.7673721313477,-102.037864685059,0.967734336853027,3.89143633842468,2.50945572588535e-06
2021-06-01 07:10:29,2831.41381835938,38.7663955688477,-102.038940429688,0.772768914699554,3.98362565040588,5.24726128787734e-05
